#三板拟转A股
430002
430011
430017
430037
430057
430141
430142
430156
430174
430176
430178
430198
430215
430223
430229
430244
430305
430338
430346
430369
430370
430373
430378
430399
430405
430421
430430
430432
430447
430456
430459
430462
430476
430478
430483
430489
430499
430505
430512
430515
430518
430532
430539
430555
430625
430662
430674
430682
430738
430746
830771
830793
830799
830807
830809
830819
830821
830822
830837
830849
830856
830858
830866
830870
830879
830885
830886
830896
830925
830940
830948
830955
830964
830968
830970
830980
830985
831008
831019
831036
831052
831053
831057
831063
831067
831088
831102
831103
831129
831135
831142
831171
831173
831175
831184
831188
831213
831243
831256
831263
831274
831277
831284
831317
831344
831370
831371
831372
831373
831376
831377
831378
831392
831396
831397
831402
831406
831417
831437
831445
831450
831463
831475
831507
831508
831543
831560
831562
831565
831566
831601
831608
831621
831647
831688
831697
831699
831712
831719
831781
831822
831839
831856
831866
831868
831873
831890
831891
831906
831920
831975
831988
831996
832000
832003
832023
832027
832041
832063
832089
832090
832099
832123
832131
832136
832143
832154
832184
832188
832196
832218
832238
832246
832255
832257
832263
832265
832283
832292
832320
832332
832340
832374
832388
832389
832390
832422
832432
832461
832462
832469
832491
832498
832513
832532
832533
832547
832554
832559
832563
832566
832568
832578
832580
832599
832602
832617
832622
832639
832651
832659
832665
832681
832684
832706
832708
832709
832715
832737
832745
832800
832802
832814
832821
832834
832838
832840
832846
832857
832861
832862
832897
832898
832899
832933
832938
832946
832950
832954
832982
832992
832999
833007
833014
833047
833054
833081
833123
833125
833133
833137
833138
833142
833147
833180
833229
833237
833249
833252
833260
833263
833300
833310
833326
833327
833340
833346
833368
833371
833375
833377
833389
833403
833418
833423
833429
833465
833474
833491
833523
833529
833531
833545
833563
833566
833573
833585
833629
833637
833638
833640
833645
833656
833664
833666
833667
833677
833695
833708
833719
833745
833747
833761
833770
833771
833784
833790
833799
833807
833831
833868
833879
833896
833900
833904
833932
833958
833977
833990
833994
834003
834013
834021
834034
834055
834061
834062
834075
834081
834098
834099
834116
834165
834166
834174
834175
834186
834195
834243
834246
834282
834291
834299
834312
834316
834317
834333
834337
834342
834376
834393
834408
834418
834428
834449
834484
834506
834541
834589
834607
834639
834641
834647
834651
834656
834662
834674
834682
834684
834695
834718
834765
834770
834779
834801
834809
834815
834818
834825
834839
834858
834870
834915
834917
834931
834948
834955
834957
834964
834978
834980
834990
835009
835053
835099
835124
835147
835174
835183
835196
835209
835223
835239
835265
835283
835315
835399
835406
835409
835438
835457
835476
835486
835490
835520
835613
835633
835637
835652
835666
835679
835710
835723
835741
835752
835770
835776
835842
835870
835873
835874
835879
835908
835920
835933
835939
835941
835959
836014
836019
836053
836054
836084
836099
836106
836119
836141
836155
836188
836201
836288
836302
836379
836383
836391
836431
836494
836566
836582
836619
836665
836673
836706
836709
836795
836807
836832
836858
836888
836980
837005
837009
837010
837020
837029
837069
837112
837198
837199
837205
837208
837297
837354
837358
837611
837659
837677
837679
837724
837904
837920
837938
837939
838061
838157
838163
838201
838223
838275
838276
838290
838407
838555
838651
838724
838966
838982
839026
839063
839064
839065
839128
839162
839570
839598
839604
839706
839729
839850
839942
839948
870077
870156
870193
870245
870349
870432
870466
870865
870982
871214
871452
#三板成指成分股
430002
430005
430014
430017
430019
430021
430028
430032
430037
430042
430046
430047
430051
430052
430054
430056
430057
430060
430062
430065
430070
430071
430074
430075
430076
430077
430080
430082
430083
430084
430085
430087
430088
430090
430091
430092
430097
430107
430111
430120
430125
430127
430128
430130
430139
430140
430141
430143
430152
430156
430159
430161
430165
430168
430169
430173
430174
430175
430177
430178
430179
430181
430182
430183
430185
430187
430188
430189
430193
430201
430206
430208
430210
430211
430213
430216
430217
430222
430225
430234
430237
430240
430243
430245
430253
430254
430257
430259
430260
430261
430267
430270
430272
430274
430281
430283
430286
430289
430290
430300
430309
430312
430318
430319
430320
430323
430324
430325
430330
430333
430334
430335
430338
430346
430353
430356
430358
430359
430362
430363
430365
430366
430370
430374
430375
430376
430377
430382
430383
430384
430391
430393
430394
430396
430402
430405
430408
430412
430418
430421
430422
430430
430432
430437
430443
430445
430455
430457
430459
430460
430462
430463
430465
430467
430468
430475
430478
430482
430485
430486
430488
430489
430491
430493
430496
430497
430498
430500
430505
430508
430510
430513
430514
430516
430518
430523
430526
430527
430532
430533
430545
430549
430556
430558
430559
430562
430566
430569
430570
430575
430578
430581
430582
430588
430590
430595
430596
430603
430607
430609
430610
430618
430620
430621
430622
430623
430629
430634
430642
430646
430647
430652
430653
430657
430659
430661
430662
430674
430675
430678
430680
430682
430705
430707
430723
430724
430729
430733
430742
430745
430754
430755
430757
430759
830766
830776
830777
830779
830788
830789
830792
830793
830796
830798
830800
830806
830807
830809
830810
830813
830815
830816
830818
830819
830821
830828
830829
830832
830833
830837
830839
830841
830843
830850
830852
830855
830856
830860
830865
830870
830877
830881
830886
830889
830894
830899
830900
830904
830912
830916
830917
830918
830921
830923
830925
830929
830931
830933
830936
830937
830938
830944
830947
830951
830955
830960
830966
830969
830972
830974
830978
830984
830985
830986
830988
830990
830992
830993
830999
831000
831008
831009
831010
831012
831015
831019
831025
831029
831030
831036
831037
831039
831045
831049
831053
831056
831057
831067
831068
831069
831072
831074
831082
831083
831084
831096
831098
831099
831101
831105
831106
831107
831111
831114
831122
831126
831128
831129
831131
831132
831136
831140
831142
831143
831148
831151
831152
831159
831162
831169
831184
831185
831186
831187
831188
831190
831195
831196
831199
831200
831201
831204
831208
831210
831216
831218
831222
831226
831235
831237
831239
831240
831242
831243
831244
831247
831248
831249
831252
831253
831256
831257
831265
831266
831269
831278
831283
831284
831287
831290
831294
831297
831298
831299
831305
831311
831314
831315
831321
831323
831325
831327
831330
831331
831343
831344
831345
831353
831354
831355
831357
831358
831359
831365
831370
831371
831372
831373
831376
831378
831380
831385
831395
831396
831397
831402
831405
831408
831409
831415
831427
831428
831429
831430
831431
831439
831440
831441
831445
831464
831470
831472
831473
831476
831478
831486
831490
831491
831496
831499
831503
831504
831507
831509
831512
831513
831516
831518
831519
831527
831529
831533
831540
831543
831544
831546
831550
831557
831562
831564
831565
831568
831571
831572
831576
831588
831591
831592
831593
831597
831601
831603
831604
831607
831608
831609
831611
831612
831613
831614
831616
831619
831621
831622
831626
831628
831630
831633
831639
831640
831644
831651
831662
831672
831683
831688
831693
831698
831701
831702
831705
831706
831709
831710
831712
831713
831719
831725
831733
831737
831742
831743
831754
831755
831758
831762
831764
831767
831776
831787
831788
831790
831791
831793
831794
831797
831804
831823
831832
831839
831840
831844
831850
831851
831852
831860
831866
831873
831878
831885
831888
831890
831898
831900
831903
831908
831913
831915
831916
831918
831920
831926
831928
831929
831930
831933
831940
831942
831943
831945
831947
831949
831950
831954
831955
831957
831958
831961
831962
831964
831967
831971
831973
831979
831981
831988
831996
831999
832004
832007
832010
832012
832014
832015
832017
832018
832023
832026
832027
832028
832040
832041
832043
832047
832050
832054
832060
832061
832063
832071
832074
832075
832077
832080
832081
832086
832094
832098
832101
832102
832105
832107
832108
832110
832111
832112
832115
832117
832126
832130
832131
832132
832133
832135
832136
832139
832141
832144
832145
832147
832148
832149
832153
832159
832165
832168
832171
832172
832174
832175
832181
832185
832187
832188
832201
832205
832208
832212
832219
832220
832223
832230
832231
832246
832250
832255
832257
832276
832278
832282
832287
832289
832297
832305
832308
832316
832317
832319
832320
832324
832325
832327
832329
832330
832334
832337
832338
832341
832344
832353
832354
832357
832367
832372
832373
832377
832379
832380
832391
832394
832395
832397
832398
832399
832402
832414
832419
832422
832424
832425
832434
832437
832439
832444
832445
832452
832453
832455
832456
832458
832459
832462
832465
832467
832469
832470
832471
832477
832480
832486
832494
832495
832498
832499
832502
832505
832506
832516
832519
832522
832525
832528
832532
832533
832534
832540
832546
832547
832551
832558
832559
832563
832566
832567
832570
832571
832578
832579
832580
832585
832588
832595
832597
832602
832604
832605
832606
832616
832620
832624
832633
832638
832641
832645
832646
832650
832651
832653
832657
832659
832663
832665
832666
832689
832694
832698
832699
832705
832707
832708
832710
832722
832726
832727
832735
832737
832739
832740
832744
832747
832754
832768
832770
832773
832781
832783
832786
832790
832792
832796
832800
832802
832803
832809
832814
832817
832827
832840
832849
832850
832852
832853
832857
832859
832862
832873
832881
832885
832886
832896
832898
832900
832908
832909
832910
832912
832917
832918
832921
832927
832929
832931
832942
832946
832950
832953
832958
832960
832964
832968
832969
832970
832971
832978
832982
832987
832989
832992
832998
833004
833007
833014
833016
833027
833029
833030
833032
833035
833036
833038
833039
833041
833044
833049
833055
833056
833059
833066
833067
833073
833074
833075
833082
833098
833101
833105
833109
833123
833132
833135
833137
833140
833142
833143
833147
833155
833156
833158
833159
833171
833173
833175
833176
833179
833181
833183
833186
833189
833190
833197
833222
833223
833224
833225
833227
833228
833231
833233
833234
833238
833239
833251
833255
833258
833260
833266
833272
833277
833278
833281
833282
833284
833286
833288
833290
833292
833293
833294
833295
833300
833302
833309
833310
833311
833315
833317
833321
833322
833329
833330
833331
833336
833341
833351
833355
833359
833361
833362
833365
833366
833369
833371
833374
833375
833377
833380
833382
833385
833393
833398
833402
833409
833414
833417
833423
833426
833429
833430
833435
833436
833437
833440
833442
833444
833448
833451
833462
833466
833474
833476
833477
833478
833480
833481
833482
833491
833493
833495
833498
833503
833504
833515
833517
833530
833531
833532
833534
833538
833548
833550
833553
833555
833559
833560
833563
833564
833565
833566
833568
833570
833573
833574
833575
833577
833581
833585
833586
833594
833597
833601
833604
833608
833609
833616
833623
833624
833627
833632
833635
833640
833658
833659
833662
833663
833664
833665
833666
833675
833676
833678
833679
833681
833682
833684
833687
833690
833692
833694
833709
833711
833714
833715
833722
833727
833733
833738
833742
833744
833750
833755
833757
833759
833768
833769
833770
833772
833777
833784
833788
833790
833795
833797
833800
833804
833809
833819
833822
833827
833833
833835
833836
833849
833851
833854
833856
833857
833864
833865
833873
833874
833879
833881
833885
833892
833896
833897
833905
833907
833908
833912
833913
833914
833926
833928
833930
833946
833948
833951
833952
833953
833954
833957
833959
833960
833966
833967
833968
833972
833979
833984
833988
833994
833997
834009
834011
834013
834014
834015
834016
834019
834020
834023
834033
834044
834049
834054
834055
834061
834062
834063
834068
834070
834072
834073
834080
834082
834083
834084
834086
834102
834103
834109
834110
834116
834117
834122
834126
834134
834136
834137
834141
834145
834154
834155
834156
834166
834171
834176
834178
834179
834181
834182
834186
834187
834188
834195
834197
834203
834206
834209
834214
834218
834223
834224
834226
834231
834240
834246
834255
834260
834261
834262
834270
834283
834290
834295
834298
834310
834312
834315
834317
834319
834327
834335
834338
834342
834346
834347
834352
834355
834356
834358
834360
834365
834368
834374
834376
834377
834382
834384
834385
834387
834388
834397
834401
834403
834404
834406
834408
834409
834414
834415
834418
834420
834425
834428
834434
834436
834438
834449
834451
834456
834459
834460
834465
834467
834468
834469
834470
834472
834476
834478
834489
834490
834491
834496
834498
834501
834506
834507
834511
834520
834525
834528
834530
834533
834534
834536
834538
834539
834541
834543
834549
834559
834562
834572
834580
834582
834584
834586
834588
834591
834596
834597
834607
834608
834611
834613
834616
834617
834618
834620
834628
834630
834635
834637
834639
834641
834648
834656
834661
834665
834666
834669
834670
834673
834678
834679
834680
834683
834695
834698
834703
834708
834710
834711
834712
834713
834718
834720
834728
834729
834732
834733
834735
834736
834738
834739
834742
834748
834750
834753
834754
834761
834767
834770
834772
834777
834785
834789
834791
834793
834795
834803
834804
834805
834808
834809
834815
834818
834825
834827
834832
834839
834845
834849
834850
834855
834857
834859
834861
834863
834869
834875
834877
834878
834880
834887
834889
834893
834898
834903
834909
834911
834913
834914
834917
834922
834924
834933
834948
834952
834955
834961
834962
834968
834982
834983
834984
834987
834990
834996
835003
835004
835011
835015
835019
835021
835024
835027
835032
835033
835035
835036
835048
835051
835054
835057
835066
835067
835072
835084
835086
835089
835091
835092
835097
835105
835106
835109
835120
835124
835128
835133
835141
835152
835181
835184
835185
835190
835196
835197
835205
835206
835210
835212
835213
835217
835227
835231
835241
835243
835248
835260
835262
835265
835268
835280
835281
835283
835288
835289
835298
835305
835309
835320
835323
835342
835343
835348
835351
835352
835359
835361
835368
835381
835384
835388
835391
835395
835399
835414
835419
835425
835429
835431
835438
835464
835465
835468
835473
835474
835478
835483
835484
835485
835488
835492
835495
835505
835512
835517
835528
835531
835532
835533
835539
835542
835543
835547
835549
835553
835554
835556
835557
835558
835565
835568
835570
835572
835574
835577
835579
835595
835599
835610
835611
835621
835622
835626
835629
835633
835634
835641
835644
835647
835654
835656
835660
835663
835675
835679
835680
835705
835710
835715
835718
835720
835721
835723
835735
835736
835737
835747
835752
835753
835757
835760
835762
835780
835784
835785
835787
835792
835801
835813
835815
835834
835842
835846
835852
835855
835857
835860
835868
835872
835875
835877
835879
835880
835881
835885
835896
835902
835908
835940
835947
835948
835959
835961
835968
835976
835978
835979
835982
835987
835990
835995
836008
836011
836012
836014
836015
836019
836021
836025
836027
836030
836031
836032
836035
836042
836052
836053
836054
836058
836066
836071
836073
836077
836078
836079
836084
836090
836101
836112
836116
836125
836129
836131
836141
836143
836148
836151
836158
836167
836172
836173
836185
836188
836190
836200
836202
836203
836213
836222
836240
836251
836257
836260
836263
836277
836298
836299
836307
836324
836327
836339
836344
836346
836347
836361
836372
836375
836379
836391
836392
836393
836400
836403
836411
836418
836431
836435
836455
836460
836466
836488
836493
836499
836502
836504
836509
836510
836518
836521
836528
836529
836531
836534
836551
836554
836570
836576
836581
836587
836594
836597
836601
836608
836610
836614
836617
836620
836625
836628
836645
836650
836651
836653
836661
836684
836686
836689
836694
836695
836701
836703
836706
836709
836713
836722
836725
836728
836729
836734
836744
836758
836765
836785
836795
836800
836801
836806
836812
836813
836815
836819
836848
836859
836866
836867
836875
836878
836885
836901
836903
836905
836909
836921
836926
836930
836941
836960
836964
836976
836980
836987
836989
837005
837009
837014
837035
837044
837045
837047
837055
837057
837059
837069
837077
837096
837097
837100
837108
837109
837124
837130
837160
837166
837181
837184
837188
837189
837198
837203
837209
837233
837240
837242
837249
837254
837265
837273
837291
837293
837297
837315
837322
837324
837325
837329
837335
837345
837348
837353
837358
837372
837375
837376
837381
837395
837402
837408
837414
837417
837429
837443
837449
837463
837467
837470
837471
837472
837474
837480
837503
837506
837510
837512
837517
837538
837561
837567
837583
837597
837598
837611
837615
837627
837628
837629
837630
837638
837639
837659
837673
837674
837679
837684
837689
837702
837717
837729
837731
837732
837736
837740
837747
837761
837763
837772
837778
837783
837784
837786
837814
837839
837840
837842
837855
837857
837865
837876
837890
837891
837893
837894
837912
837916
837920
837932
837938
837939
837941
837945
837947
837953
837955
837961
837962
837984
837986
837993
838002
838003
838006
838043
838053
838066
838077
838083
838122
838141
838146
838147
838152
838154
838163
838176
838180
838188
838195
838206
838216
838220
838244
838246
838260
838263
838282
838290
838317
838321
838325
838333
838334
838349
838381
838393
838399
838405
838410
838412
838413
838443
838445
838453
838463
838480
838489
838517
838518
838533
838543
838546
838547
838555
838563
838564
838571
838583
838591
838600
838601
838603
838610
838613
838641
838660
838663
838674
838685
838694
838696
838699
838710
838711
838724
838732
838733
838775
838789
838792
838802
838830
838842
838843
838849
838851
838867
838886
838898
838908
838909
838920
838936
838974
838976
838980
838981
838989
839015
839034
839048
839056
839072
839077
839094
839096
839128
839146
839152
839162
839164
839181
839191
839202
839211
839222
839230
839242
839246
839247
839256
839259
839264
839271
839275
839287
839294
839316
839323
839337
839338
839344
839351
839358
839473
839475
839483
839524
839535
839555
839561
839598
839610
839635
839646
839650
839669
839683
839705
839718
839719
839729
839740
839748
839753
839755
839797
839843
839848
839873
839878
839893
839896
839951
839955
839961
839977
839984
839995
870012
870016
870036
870041
870067
870104
870118
870120
870162
870188
870205
870257
870270
870285
870290
870314
870331
870341
870380
870399
870409
870445
870447
870455
870476
870488
870510
870512
870522
870574
870585
870593
870632
870645
870672
870689
870692
870694
870702
870705
870725
870731
870741
870755
870777
870805
870830
870840
870864
870890
870928
870965
870984
871000
871019
871025
871081
871088
871091
871099
871103
871139
871177
871180
871191
871201
871257
871281
871307
871311
871321
871327
871346
871376
871391
871392
871452
871531
871547
871556
871561
871642
#三板做市成分股
430021
430032
430037
430038
430046
430051
430054
430057
430062
430065
430071
430074
430075
430080
430082
430083
430084
430085
430087
430088
430090
430097
430120
430130
430139
430140
430152
430159
430161
430164
430165
430169
430174
430175
430177
430179
430208
430211
430212
430222
430225
430234
430236
430237
430240
430243
430245
430253
430260
430261
430272
430274
430276
430286
430289
430300
430309
430318
430323
430325
430330
430334
430335
430346
430353
430356
430358
430363
430366
430374
430375
430376
430377
430382
430383
430394
430396
430408
430418
430422
430428
430430
430437
430457
430460
430462
430463
430465
430468
430475
430482
430485
430486
430488
430489
430491
430493
430496
430497
430505
430508
430510
430523
430549
430556
430558
430559
430578
430582
430588
430593
430595
430596
430607
430609
430610
430618
430620
430622
430623
430629
430632
430646
430653
430675
430680
430718
430755
430759
830777
830779
830789
830793
830798
830800
830806
830807
830809
830810
830813
830815
830816
830818
830819
830821
830827
830828
830833
830837
830839
830841
830843
830850
830855
830860
830865
830877
830881
830886
830889
830899
830900
830916
830917
830921
830929
830931
830933
830936
830937
830938
830944
830947
830955
830958
830960
830966
830969
830972
830974
830978
830984
830985
830988
830990
830999
831000
831009
831015
831019
831029
831030
831034
831039
831045
831049
831056
831068
831072
831074
831082
831084
831090
831098
831106
831114
831118
831126
831129
831143
831144
831152
831159
831185
831187
831190
831195
831196
831200
831208
831222
831226
831239
831242
831248
831252
831253
831265
831266
831276
831278
831287
831290
831294
831297
831299
831305
831311
831323
831325
831327
831331
831343
831345
831353
831354
831372
831373
831378
831382
831385
831386
831387
831395
831396
831405
831409
831417
831428
831429
831430
831431
831439
831464
831472
831478
831486
831496
831503
831504
831513
831518
831521
831527
831529
831533
831546
831550
831557
831562
831564
831565
831568
831572
831588
831591
831592
831597
831601
831603
831604
831613
831614
831618
831626
831628
831640
831651
831662
831666
831672
831698
831701
831705
831706
831710
831725
831733
831737
831743
831754
831762
831764
831767
831776
831790
831793
831794
831823
831839
831844
831852
831873
831878
831889
831890
831896
831900
831916
831918
831926
831928
831940
831942
831945
831949
831961
831972
831973
831979
831988
832004
832007
832018
832023
832026
832028
832041
832043
832047
832060
832077
832080
832098
832110
832117
832120
832126
832132
832135
832139
832145
832147
832149
832153
832171
832174
832175
832185
832188
832201
832208
832219
832220
832223
832250
832276
832278
832287
832297
832308
832317
832320
832325
832327
832329
832357
832372
832379
832397
832402
832414
832422
832444
832453
832455
832458
832470
832471
832477
832499
832502
832522
832532
832566
832567
832571
832579
832585
832588
832604
832633
832645
832650
832651
832657
832698
832699
832705
832710
832735
832740
832743
832744
832768
832773
832781
832786
832850
832859
832886
832896
832898
832917
832936
832960
832971
832987
832989
832998
833004
833014
833027
833035
833038
833039
833066
833075
833127
833132
833135
833159
833171
833173
833176
833183
833186
833190
833210
833231
833266
833272
833278
833282
833290
833295
833310
833311
833330
833331
833333
833362
833380
833402
833409
833435
833440
833442
833448
833476
833482
833503
833504
833517
833534
833559
833575
833579
833581
833586
833624
833627
833658
833665
833678
833682
833684
833694
833715
833722
833740
833742
833755
833769
833770
833772
833819
833822
833832
833854
833857
833874
833908
833913
833928
833954
833957
833959
833960
833967
833972
833984
834015
834020
834054
834068
834073
834082
834089
834096
834109
834117
834136
834141
834176
834178
834240
834255
834262
834295
834319
834415
834438
834459
834490
834507
834510
834511
834520
834528
834534
834549
834580
834591
834608
834611
834665
834673
834678
834680
834683
834718
834729
834732
834736
834739
834742
834754
834793
834805
834832
834849
834850
834855
834861
834877
834878
834880
834924
834962
834968
834996
835024
835033
835067
835092
835184
835185
835205
835248
835262
835265
835298
835343
835348
835359
835381
835388
835395
835465
835468
835483
835488
835505
835539
835570
835572
835579
835656
835720
835985
836030
836042
836052
836078
836116
836125
836131
836149
836157
836263
836346
836372
836393
836455
836466
836504
836534
836617
836653
836676
836686
836689
836694
836800
836848
836859
836926
837047
837160
837198
837293
837449
837628
837684
837747
837784
837865
838006
838053
838077
838188
838381
838641
838699
839164
839264
839316
839483
839561
839843
839896
839951
870455
870522
