#融资融券
0000001
0000002
0000006
0000009
0000012
0000022
0000027
0000028
0000030
0000031
0000039
0000043
0000046
0000049
0000050
0000059
0000060
0000061
0000062
0000063
0000069
0000078
0000088
0000089
0000090
0000099
0000100
0000151
0000156
0000157
0000166
0000333
0000338
0000400
0000401
0000402
0000404
0000413
0000415
0000417
0000418
0000422
0000423
0000425
0000426
0000488
0000501
0000503
0000506
0000513
0000516
0000525
0000528
0000531
0000536
0000537
0000538
0000539
0000540
0000541
0000543
0000550
0000551
0000552
0000554
0000559
0000563
0000565
0000566
0000568
0000572
0000581
0000592
0000596
0000598
0000600
0000607
0000616
0000623
0000625
0000626
0000630
0000631
0000650
0000651
0000655
0000656
0000661
0000665
0000667
0000671
0000680
0000685
0000686
0000690
0000697
0000700
0000708
0000709
0000712
0000718
0000719
0000725
0000726
0000728
0000729
0000731
0000732
0000738
0000739
0000750
0000758
0000761
0000762
0000767
0000768
0000776
0000777
0000778
0000783
0000786
0000789
0000790
0000792
0000793
0000800
0000801
0000807
0000811
0000812
0000816
0000823
0000825
0000826
0000828
0000829
0000830
0000839
0000848
0000851
0000858
0000860
0000868
0000869
0000876
0000877
0000878
0000883
0000887
0000895
0000897
0000898
0000899
0000900
0000901
0000902
0000905
0000915
0000917
0000921
0000926
0000928
0000930
0000937
0000938
0000939
0000957
0000960
0000961
0000963
0000966
0000969
0000970
0000973
0000975
0000977
0000979
0000983
0000988
0000989
0000996
0000997
0000998
0000999
0001696
0001896
0001979
0002001
0002004
0002005
0002007
0002008
0002011
0002016
0002022
0002023
0002024
0002025
0002027
0002028
0002029
0002030
0002032
0002038
0002041
0002042
0002048
0002049
0002050
0002051
0002055
0002056
0002063
0002064
0002065
0002067
0002071
0002073
0002074
0002078
0002079
0002081
0002091
0002092
0002093
0002095
0002099
0002104
0002106
0002108
0002117
0002118
0002128
0002129
0002130
0002138
0002140
0002142
0002146
0002148
0002151
0002152
0002153
0002154
0002158
0002161
0002176
0002179
0002181
0002183
0002185
0002190
0002191
0002202
0002203
0002204
0002221
0002223
0002229
0002230
0002233
0002236
0002237
0002241
0002242
0002244
0002250
0002251
0002252
0002261
0002262
0002266
0002267
0002268
0002269
0002271
0002273
0002275
0002276
0002277
0002281
0002285
0002287
0002292
0002293
0002294
0002299
0002302
0002304
0002307
0002308
0002310
0002311
0002313
0002317
0002318
0002325
0002340
0002344
0002353
0002355
0002367
0002368
0002369
0002371
0002372
0002375
0002378
0002385
0002393
0002396
0002399
0002400
0002401
0002405
0002407
0002408
0002410
0002414
0002415
0002416
0002419
0002424
0002428
0002429
0002431
0002437
0002439
0002440
0002444
0002450
0002456
0002460
0002461
0002465
0002467
0002470
0002474
0002475
0002476
0002477
0002482
0002493
0002500
0002501
0002508
0002518
0002521
0002538
0002556
0002557
0002561
0002563
0002570
0002573
0002574
0002577
0002579
0002588
0002594
0002595
0002603
0002642
0002646
0002648
0002653
0002662
0002673
0002681
0002701
0002736
0159901
0159902
0159915
0159919
0159920
0159925
0159938
0300001
0300002
0300003
0300005
0300010
0300014
0300015
0300017
0300020
0300024
0300026
0300027
0300033
0300034
0300039
0300053
0300055
0300058
0300059
0300065
0300070
0300072
0300074
0300077
0300079
0300088
0300090
0300104
0300115
0300122
0300124
0300128
0300133
0300146
0300147
0300157
0300168
0300170
0300191
0300199
0300202
0300203
0300205
0300212
0300216
0300226
0300251
0300253
0300257
0300273
0300274
0300315
0300355
0300498
1510050
1510160
1510180
1510300
1510310
1510330
1510500
1510810
1510880
1510900
1512070
1512500
1512900
1518880
1600000
1600004
1600006
1600007
1600008
1600009
1600010
1600011
1600012
1600015
1600016
1600017
1600018
1600019
1600020
1600021
1600022
1600023
1600026
1600027
1600028
1600029
1600030
1600031
1600033
1600036
1600037
1600038
1600039
1600048
1600050
1600056
1600058
1600059
1600060
1600061
1600062
1600063
1600064
1600066
1600067
1600068
1600073
1600077
1600078
1600079
1600085
1600086
1600088
1600089
1600094
1600096
1600098
1600100
1600104
1600107
1600108
1600109
1600110
1600111
1600113
1600115
1600116
1600118
1600119
1600120
1600122
1600123
1600125
1600132
1600135
1600138
1600139
1600141
1600143
1600146
1600150
1600151
1600153
1600155
1600157
1600158
1600160
1600161
1600162
1600166
1600168
1600169
1600170
1600171
1600175
1600176
1600177
1600183
1600185
1600186
1600187
1600188
1600193
1600196
1600197
1600198
1600199
1600200
1600201
1600206
1600208
1600209
1600210
1600216
1600218
1600219
1600220
1600221
1600222
1600223
1600229
1600230
1600236
1600237
1600239
1600240
1600251
1600252
1600256
1600257
1600259
1600260
1600261
1600266
1600267
1600269
1600270
1600271
1600273
1600276
1600277
1600284
1600285
1600288
1600289
1600292
1600293
1600297
1600298
1600300
1600307
1600309
1600310
1600312
1600315
1600316
1600318
1600320
1600321
1600323
1600325
1600326
1600329
1600330
1600331
1600332
1600333
1600335
1600336
1600337
1600340
1600343
1600348
1600350
1600352
1600354
1600362
1600363
1600366
1600369
1600372
1600373
1600376
1600377
1600380
1600382
1600383
1600386
1600387
1600388
1600389
1600391
1600392
1600395
1600398
1600406
1600409
1600410
1600415
1600416
1600418
1600422
1600426
1600433
1600435
1600436
1600446
1600449
1600456
1600458
1600459
1600460
1600466
1600467
1600470
1600478
1600481
1600482
1600483
1600485
1600486
1600487
1600489
1600490
1600491
1600495
1600497
1600498
1600499
1600500
1600502
1600503
1600509
1600511
1600515
1600516
1600517
1600518
1600519
1600521
1600522
1600523
1600525
1600526
1600528
1600535
1600536
1600537
1600543
1600545
1600547
1600548
1600549
1600551
1600557
1600559
1600563
1600565
1600566
1600568
1600570
1600572
1600575
1600578
1600580
1600582
1600583
1600584
1600585
1600587
1600588
1600592
1600594
1600595
1600596
1600597
1600598
1600600
1600601
1600604
1600606
1600609
1600611
1600612
1600614
1600616
1600620
1600624
1600626
1600633
1600635
1600637
1600639
1600640
1600642
1600643
1600645
1600648
1600649
1600651
1600652
1600653
1600655
1600660
1600661
1600662
1600663
1600664
1600667
1600668
1600673
1600674
1600676
1600677
1600684
1600686
1600688
1600690
1600692
1600694
1600699
1600702
1600703
1600704
1600705
1600707
1600711
1600716
1600717
1600718
1600720
1600722
1600728
1600729
1600730
1600737
1600739
1600740
1600741
1600742
1600743
1600744
1600748
1600750
1600751
1600755
1600756
1600757
1600759
1600761
1600765
1600770
1600771
1600773
1600775
1600776
1600777
1600783
1600787
1600789
1600790
1600795
1600797
1600800
1600801
1600802
1600803
1600804
1600805
1600807
1600808
1600809
1600811
1600816
1600820
1600823
1600825
1600826
1600827
1600830
1600831
1600835
1600837
1600838
1600839
1600846
1600851
1600855
1600859
1600863
1600867
1600868
1600872
1600873
1600874
1600875
1600879
1600880
1600881
1600884
1600886
1600887
1600893
1600894
1600895
1600900
1600919
1600926
1600958
1600967
1600970
1600971
1600976
1600978
1600987
1600993
1600998
1600999
1601000
1601001
1601002
1601006
1601009
1601012
1601018
1601021
1601038
1601088
1601098
1601099
1601101
1601107
1601111
1601117
1601118
1601126
1601128
1601139
1601155
1601158
1601166
1601168
1601169
1601179
1601186
1601199
1601211
1601216
1601218
1601225
1601229
1601231
1601233
1601238
1601258
1601288
1601311
1601318
1601328
1601333
1601336
1601369
1601377
1601388
1601390
1601398
1601515
1601555
1601566
1601588
1601600
1601601
1601607
1601608
1601618
1601628
1601633
1601636
1601666
1601668
1601669
1601678
1601688
1601699
1601717
1601718
1601727
1601766
1601777
1601788
1601789
1601800
1601801
1601808
1601818
1601857
1601866
1601872
1601877
1601880
1601881
1601886
1601888
1601898
1601899
1601901
1601919
1601928
1601929
1601933
1601939
1601958
1601985
1601988
1601989
1601991
1601992
1601996
1601997
1601998
1601999
1603000
1603001
1603169
1603188
1603323
1603369
1603766
1603993
#深债ETF
0159926
#中证500
0000006
0000012
0000021
0000025
0000027
0000028
0000031
0000039
0000049
0000050
0000061
0000062
0000066
0000078
0000089
0000090
0000099
0000158
0000400
0000401
0000417
0000418
0000426
0000488
0000501
0000513
0000517
0000519
0000528
0000536
0000541
0000543
0000547
0000552
0000563
0000566
0000572
0000581
0000587
0000592
0000596
0000598
0000600
0000612
0000616
0000620
0000636
0000652
0000656
0000661
0000662
0000667
0000669
0000680
0000681
0000685
0000690
0000697
0000703
0000712
0000726
0000727
0000729
0000732
0000758
0000761
0000762
0000766
0000777
0000778
0000786
0000806
0000810
0000816
0000825
0000829
0000830
0000848
0000860
0000877
0000878
0000897
0000926
0000930
0000937
0000939
0000960
0000969
0000970
0000975
0000979
0000988
0000997
0000998
0000999
0001696
0002001
0002002
0002004
0002005
0002011
0002013
0002018
0002019
0002022
0002028
0002030
0002038
0002041
0002048
0002050
0002051
0002056
0002063
0002064
0002073
0002078
0002092
0002093
0002106
0002118
0002120
0002122
0002123
0002127
0002128
0002147
0002155
0002176
0002179
0002190
0002191
0002194
0002217
0002221
0002223
0002233
0002242
0002244
0002249
0002250
0002251
0002254
0002261
0002266
0002268
0002269
0002271
0002273
0002276
0002277
0002281
0002285
0002308
0002309
0002311
0002315
0002317
0002325
0002332
0002340
0002342
0002344
0002345
0002353
0002354
0002358
0002366
0002368
0002371
0002373
0002375
0002384
0002390
0002392
0002396
0002400
0002405
0002407
0002408
0002410
0002414
0002416
0002422
0002428
0002431
0002437
0002439
0002440
0002444
0002460
0002463
0002468
0002477
0002479
0002482
0002489
0002491
0002503
0002505
0002512
0002517
0002544
0002551
0002572
0002573
0002583
0002588
0002589
0002601
0002603
0002635
0002640
0002642
0002646
0002657
0002663
0002665
0002670
0002672
0002681
0002690
0002699
0002701
0002707
0002709
0002727
0002807
0002815
0002818
0300001
0300002
0300010
0300026
0300032
0300039
0300043
0300055
0300058
0300088
0300113
0300115
0300116
0300122
0300134
0300136
0300146
0300147
0300156
0300159
0300166
0300199
0300202
0300244
0300253
0300257
0300266
0300273
0300274
0300287
0300291
0300296
0300297
0300324
0300376
0300383
1600006
1600017
1600022
1600026
1600039
1600053
1600056
1600058
1600059
1600062
1600064
1600073
1600079
1600086
1600094
1600098
1600108
1600120
1600122
1600125
1600126
1600138
1600141
1600143
1600151
1600158
1600160
1600161
1600166
1600169
1600171
1600176
1600183
1600184
1600187
1600195
1600198
1600200
1600201
1600216
1600219
1600220
1600240
1600251
1600259
1600260
1600266
1600267
1600270
1600277
1600280
1600282
1600284
1600289
1600291
1600292
1600298
1600300
1600307
1600312
1600315
1600316
1600325
1600329
1600335
1600338
1600348
1600366
1600380
1600388
1600392
1600395
1600409
1600410
1600416
1600418
1600422
1600426
1600428
1600435
1600458
1600460
1600466
1600478
1600481
1600487
1600496
1600499
1600500
1600503
1600511
1600516
1600517
1600521
1600525
1600528
1600536
1600537
1600545
1600551
1600557
1600563
1600565
1600566
1600572
1600580
1600582
1600584
1600586
1600587
1600594
1600596
1600597
1600600
1600611
1600614
1600618
1600628
1600633
1600635
1600639
1600640
1600642
1600643
1600645
1600648
1600651
1600655
1600657
1600664
1600673
1600687
1600694
1600699
1600717
1600720
1600729
1600736
1600743
1600748
1600750
1600751
1600754
1600755
1600757
1600759
1600765
1600770
1600773
1600776
1600787
1600790
1600801
1600805
1600808
1600809
1600811
1600826
1600831
1600835
1600839
1600848
1600859
1600862
1600863
1600869
1600872
1600874
1600879
1600880
1600881
1600884
1600894
1600917
1600936
1600967
1600970
1600971
1600978
1600993
1600996
1601000
1601001
1601002
1601012
1601016
1601020
1601168
1601231
1601233
1601311
1601678
1601689
1601699
1601717
1601777
1601811
1601880
1601886
1601928
1601929
1603000
1603001
1603005
1603019
1603025
1603077
1603169
1603188
1603198
1603228
1603328
1603355
1603369
1603377
1603444
1603515
1603528
1603556
1603567
1603568
1603569
1603589
1603658
1603698
1603766
1603799
1603806
1603816
1603866
1603868
1603877
1603883
1603888
#沪港通SH
1600000
1600004
1600006
1600007
1600008
1600009
1600010
1600011
1600012
1600015
1600016
1600018
1600019
1600020
1600021
1600023
1600026
1600027
1600028
1600029
1600030
1600031
1600036
1600037
1600038
1600039
1600048
1600050
1600053
1600054
1600056
1600060
1600061
1600062
1600066
1600068
1600073
1600074
1600075
1600077
1600079
1600085
1600086
1600089
1600093
1600094
1600098
1600100
1600101
1600104
1600105
1600109
1600111
1600113
1600114
1600115
1600116
1600118
1600119
1600120
1600122
1600123
1600125
1600138
1600141
1600143
1600150
1600153
1600157
1600158
1600161
1600162
1600166
1600170
1600171
1600172
1600173
1600175
1600176
1600177
1600180
1600183
1600185
1600188
1600195
1600196
1600197
1600200
1600201
1600206
1600208
1600210
1600216
1600219
1600221
1600226
1600233
1600236
1600239
1600240
1600251
1600255
1600256
1600260
1600261
1600266
1600267
1600269
1600270
1600271
1600273
1600276
1600277
1600280
1600282
1600284
1600285
1600289
1600292
1600295
1600297
1600298
1600299
1600300
1600305
1600309
1600310
1600312
1600315
1600323
1600326
1600329
1600332
1600335
1600337
1600340
1600343
1600348
1600350
1600352
1600362
1600363
1600366
1600369
1600372
1600373
1600376
1600377
1600380
1600383
1600386
1600387
1600388
1600391
1600395
1600398
1600399
1600400
1600405
1600406
1600409
1600410
1600415
1600416
1600418
1600420
1600422
1600426
1600428
1600433
1600435
1600436
1600438
1600439
1600446
1600458
1600459
1600460
1600466
1600477
1600481
1600482
1600483
1600485
1600486
1600487
1600489
1600490
1600491
1600495
1600497
1600498
1600499
1600500
1600502
1600503
1600507
1600511
1600516
1600517
1600518
1600519
1600521
1600522
1600525
1600526
1600528
1600531
1600535
1600536
1600537
1600547
1600548
1600549
1600551
1600557
1600559
1600562
1600563
1600565
1600566
1600567
1600568
1600570
1600571
1600572
1600577
1600578
1600580
1600582
1600583
1600584
1600585
1600587
1600594
1600596
1600597
1600600
1600606
1600611
1600612
1600613
1600614
1600617
1600623
1600626
1600633
1600635
1600637
1600639
1600641
1600642
1600643
1600645
1600648
1600649
1600650
1600651
1600655
1600657
1600660
1600661
1600662
1600663
1600664
1600666
1600667
1600668
1600673
1600674
1600676
1600682
1600684
1600685
1600687
1600688
1600690
1600694
1600697
1600699
1600703
1600704
1600705
1600708
1600711
1600717
1600718
1600720
1600729
1600736
1600737
1600739
1600741
1600742
1600743
1600748
1600750
1600754
1600755
1600756
1600757
1600758
1600761
1600763
1600765
1600770
1600773
1600775
1600776
1600787
1600795
1600803
1600804
1600807
1600808
1600809
1600811
1600814
1600816
1600818
1600820
1600823
1600824
1600826
1600827
1600828
1600829
1600830
1600831
1600835
1600837
1600838
1600839
1600845
1600846
1600850
1600856
1600859
1600862
1600863
1600864
1600867
1600869
1600871
1600872
1600873
1600874
1600875
1600876
1600879
1600881
1600884
1600885
1600886
1600887
1600888
1600891
1600893
1600894
1600895
1600897
1600900
1600909
1600917
1600919
1600926
1600958
1600965
1600967
1600970
1600973
1600975
1600977
1600978
1600981
1600986
1600987
1600988
1600990
1600993
1600996
1600999
1601000
1601001
1601002
1601006
1601009
1601012
1601015
1601016
1601018
1601020
1601021
1601038
1601058
1601069
1601088
1601098
1601099
1601107
1601111
1601118
1601126
1601127
1601139
1601155
1601158
1601163
1601166
1601168
1601169
1601186
1601198
1601199
1601211
1601216
1601222
1601229
1601231
1601233
1601238
1601288
1601311
1601318
1601326
1601328
1601333
1601336
1601368
1601375
1601377
1601390
1601398
1601515
1601555
1601567
1601588
1601595
1601600
1601601
1601607
1601608
1601611
1601618
1601628
1601633
1601636
1601666
1601668
1601669
1601678
1601688
1601689
1601699
1601700
1601717
1601718
1601727
1601766
1601777
1601788
1601789
1601799
1601800
1601801
1601808
1601811
1601818
1601857
1601866
1601877
1601880
1601881
1601886
1601888
1601890
1601898
1601899
1601901
1601908
1601919
1601933
1601939
1601958
1601966
1601968
1601985
1601988
1601989
1601991
1601992
1601997
1601998
1603000
1603008
1603019
1603025
1603060
1603077
1603098
1603108
1603111
1603118
1603126
1603128
1603160
1603165
1603168
1603169
1603188
1603198
1603228
1603239
1603258
1603288
1603298
1603306
1603308
1603328
1603338
1603339
1603355
1603358
1603368
1603369
1603444
1603508
1603515
1603528
1603556
1603567
1603568
1603569
1603585
1603588
1603589
1603599
1603600
1603609
1603618
1603628
1603639
1603658
1603669
1603686
1603698
1603699
1603727
1603737
1603766
1603777
1603798
1603806
1603816
1603818
1603858
1603861
1603866
1603868
1603877
1603883
1603885
1603888
1603898
1603899
1603929
1603939
1603959
1603979
1603989
1603993
1603997
#沪债ETF
1511010
1511210
1511220
1511260
#货币ETF
0159001
0159003
0159005
1511600
1511620
1511650
1511660
1511670
1511680
1511690
1511700
1511760
1511770
1511800
1511810
1511820
1511830
1511850
1511860
1511880
1511890
1511900
1511910
1511920
1511930
1511950
1511960
1511970
1511980
1511990
#黄金ETF
0159934
0159937
1518800
1518880
#跨境基金
0159920
0159941
0160125
0160216
0160416
0160717
0160719
0160922
0160923
0161116
0161124
0161125
0161126
0161127
0161128
0161129
0161210
0161229
0161714
0161815
0161831
0162411
0162415
0163208
0164701
0164705
0164815
0164906
0165510
0165513
1501018
1501021
1501023
1501025
1501029
1501300
1510900
1513030
1513050
1513100
1513500
1513600
1513660
#合格投资者债券
0112189
0112202
0112236
0112242
0112264
0112273
0112274
0112277
0112278
0112279
0112282
0112283
0112284
0112285
0112288
0112290
0112292
0112296
0112307
0112312
0112318
0112323
0112333
0112339
0112342
0112352
0112353
0112358
0112361
0112365
0112370
0112376
0112377
0112386
0112406
0112409
0112410
0112419
0112425
0112432
0112445
0112446
0112455
0112456
0112457
0112460
0112462
0112493
0112506
0112508
0112516
0112518
0112520
0112522
0112528
0112530
0112536
0112538
0112539
0112540
0112542
0112543
0112544
0112546
0112548
0112552
0112556
0112557
0112559
0112561
0112562
0112563
0112564
0112566
1120529
1122067
1122179
1122199
1122201
1122235
1122249
1122257
1122323
1122328
1122358
1122360
1122366
1122372
1122383
1122384
1122385
1122388
1122390
1122391
1122392
1122393
1122394
1122395
1122401
1122409
1122410
1122415
1122425
1122426
1122428
1122430
1122436
1122437
1122440
1122442
1122446
1122448
1122449
1122450
1122452
1122453
1122455
1122456
1122460
1122461
1122462
1122465
1122466
1122467
1122473
1122481
1122484
1122488
1122494
1122497
1122498
1122516
1122659
1122660
1122756
1122934
1124124
1124173
1124214
1124241
1124307
1124346
1124347
1124356
1124420
1124599
1124619
1124660
1124669
1124830
1124919
1124950
1124967
1124970
1127000
1127056
1127062
1127143
1127149
1127163
1127166
1127169
1127193
1127203
1127205
1127207
1127232
1127242
1127253
1127255
1127269
1127278
1127279
1127283
1127284
1127285
1127288
1127298
1127299
1127305
1127310
1127312
1127319
1127322
1127328
1127329
1127335
1127345
1127352
1127356
1127357
1127359
1127365
1127367
1127374
1127375
1127382
1127383
1127387
1127390
1127391
1127392
1127395
1127398
1127399
1127405
1127409
1127416
1127418
1127419
1127420
1127424
1127425
1127426
1127427
1127428
1127432
1127434
1127436
1127437
1127438
1127440
1127443
1127445
1127447
1127448
1127449
1127455
1127456
1127458
1127463
1127464
1127469
1127471
1127472
1127473
1127475
1127477
1127481
1127485
1127494
1127495
1127496
1127501
1127506
1127507
1127513
1127522
1127523
1127525
1127532
1127534
1127540
1127545
1127556
1127557
1127559
1127560
1127563
1127571
1127577
1127589
1127613
1132007
1132011
1136000
1136001
1136007
1136014
1136019
1136021
1136022
1136029
1136030
1136035
1136039
1136040
1136041
1136042
1136046
1136047
1136048
1136049
1136053
1136062
1136065
1136067
1136073
1136075
1136079
1136080
1136082
1136083
1136085
1136087
1136088
1136093
1136094
1136096
1136097
1136101
1136102
1136113
1136121
1136123
1136128
1136130
1136140
1136141
1136142
1136143
1136144
1136146
1136151
1136152
1136161
1136163
1136164
1136165
1136167
1136168
1136169
1136173
1136175
1136177
1136184
1136185
1136188
1136193
1136194
1136195
1136196
1136198
1136199
1136200
1136207
1136217
1136219
1136222
1136226
1136233
1136234
1136236
1136239
1136242
1136243
1136244
1136246
1136248
1136253
1136254
1136256
1136259
1136260
1136267
1136268
1136270
1136272
1136276
1136280
1136283
1136284
1136285
1136286
1136287
1136288
1136289
1136292
1136297
1136298
1136299
1136303
1136304
1136305
1136309
1136311
1136312
1136315
1136316
1136318
1136319
1136320
1136322
1136323
1136324
1136325
1136326
1136335
1136339
1136341
1136342
1136344
1136345
1136346
1136348
1136353
1136360
1136361
1136363
1136365
1136367
1136368
1136372
1136375
1136382
1136387
1136391
1136393
1136396
1136397
1136398
1136401
1136402
1136403
1136404
1136408
1136416
1136417
1136420
1136427
1136434
1136436
1136438
1136440
1136443
1136447
1136448
1136452
1136455
1136456
1136457
1136459
1136460
1136464
1136465
1136472
1136473
1136474
1136477
1136478
1136479
1136480
1136483
1136490
1136491
1136495
1136498
1136499
1136500
1136502
1136504
1136508
1136510
1136514
1136515
1136516
1136517
1136518
1136519
1136521
1136522
1136524
1136525
1136527
1136528
1136529
1136532
1136533
1136535
1136537
1136538
1136539
1136541
1136542
1136543
1136546
1136547
1136549
1136550
1136552
1136553
1136554
1136555
1136556
1136557
1136558
1136559
1136562
1136563
1136566
1136568
1136574
1136575
1136576
1136580
1136581
1136582
1136586
1136587
1136588
1136598
1136599
1136600
1136601
1136605
1136606
1136607
1136612
1136621
1136622
1136623
1136624
1136629
1136630
1136631
1136632
1136633
1136634
1136635
1136636
1136639
1136642
1136646
1136650
1136651
1136652
1136653
1136654
1136664
1136666
1136669
1136670
1136671
1136672
1136678
1136679
1136682
1136683
1136687
1136690
1136694
1136698
1136702
1136709
1136710
1136711
1136712
1136719
1136721
1136722
1136723
1136725
1136726
1136730
1136732
1136733
1136734
1136735
1136738
1136739
1136749
1136754
1136755
1136756
1136760
1136762
1136763
1136770
1136773
1136774
1136775
1136776
1136777
1136779
1136780
1136789
1136790
1136793
1136796
1136799
1136800
1136802
1136804
1136806
1136810
1136811
1136813
1136819
1136822
1136823
1136824
1136825
1136826
1136827
1136830
1136831
1136833
1136835
1136836
1136837
1136838
1136839
1136851
1136852
1136855
1136856
1136861
1136865
1136869
1136870
1136872
1136873
1136874
1136879
1136881
1136887
1136888
1136892
1136893
1136895
1136896
1136970
1136972
1136974
1136977
1136980
1136981
1136987
1136989
1136991
1136992
1136993
1136994
1136995
1136996
1136997
1136998
1136999
1143002
1143003
1143010
1143011
1143012
1143013
1143015
1143017
1143020
1143021
1143032
1143034
1143035
1143036
1143043
1143045
1143048
1143049
1143064
1143066
1143067
1143069
1143070
1143071
1143072
1143073
1143076
1143077
1143079
1143080
1143081
1143084
1143085
1143086
1143087
1143088
1143089
1143090
1143091
1143099
1143103
1143105
1143106
1143108
1143110
1143112
1143116
1143122
1143123
1143124
1143125
1143129
1143130
1143131
1143132
1143135
1143136
1143139
1143142
1143146
1143151
1143152
1143153
1143154
1143155
1143156
1143158
1143159
1143165
1143166
1143167
1143169
1143170
1143171
1143173
1143174
1143175
1143176
1143178
1143179
1143180
1143181
1143182
1143183
1143187
1143191
1143192
1143196
1143197
1143199
1143200
1143201
1143203
1143204
1143205
1143207
1143208
1143209
1143215
1143216
1143218
1143222
1143223
1143224
1143225
1143227
1143229
1143230
1143231
1143232
1143233
1143234
1143236
1143238
1143241
1143243
1143244
1143247
1143249
1143255
1143257
1143258
1143260
1143263
1143264
1143265
1143266
1143267
1143268
1143269
1143271
1143272
1143273
1143900
1143901
1143902
1143904
1143905
1143906
1143907
1143909
1143911
1143912
1143913
1143914
1143915
1143916
#深证成指
0000001
0000002
0000006
0000008
0000009
0000012
0000018
0000021
0000027
0000028
0000031
0000034
0000039
0000046
0000049
0000050
0000059
0000060
0000061
0000062
0000063
0000066
0000069
0000078
0000088
0000089
0000090
0000100
0000156
0000157
0000158
0000166
0000333
0000338
0000400
0000402
0000413
0000415
0000418
0000423
0000425
0000426
0000488
0000503
0000513
0000516
0000518
0000519
0000538
0000539
0000540
0000541
0000543
0000547
0000555
0000558
0000559
0000563
0000564
0000566
0000568
0000581
0000587
0000592
0000596
0000598
0000600
0000601
0000607
0000612
0000615
0000617
0000620
0000623
0000625
0000627
0000630
0000651
0000656
0000661
0000667
0000671
0000680
0000685
0000686
0000687
0000690
0000697
0000703
0000709
0000712
0000718
0000725
0000727
0000728
0000729
0000732
0000738
0000750
0000751
0000758
0000762
0000766
0000768
0000776
0000777
0000778
0000783
0000786
0000792
0000793
0000800
0000801
0000806
0000807
0000825
0000826
0000829
0000839
0000848
0000851
0000858
0000860
0000869
0000875
0000876
0000877
0000878
0000881
0000882
0000883
0000887
0000895
0000898
0000901
0000902
0000917
0000926
0000930
0000933
0000937
0000938
0000939
0000957
0000959
0000960
0000961
0000963
0000969
0000970
0000973
0000975
0000977
0000979
0000980
0000983
0000987
0000988
0000997
0000998
0000999
0001696
0001979
0002001
0002002
0002004
0002007
0002008
0002010
0002013
0002018
0002019
0002022
0002023
0002024
0002025
0002027
0002030
0002036
0002038
0002041
0002043
0002044
0002047
0002048
0002049
0002050
0002051
0002052
0002055
0002056
0002063
0002065
0002067
0002073
0002074
0002075
0002078
0002081
0002085
0002089
0002092
0002099
0002104
0002106
0002108
0002110
0002120
0002123
0002127
0002128
0002129
0002130
0002131
0002138
0002142
0002143
0002145
0002146
0002147
0002151
0002152
0002153
0002155
0002157
0002168
0002174
0002176
0002179
0002180
0002183
0002185
0002190
0002191
0002195
0002202
0002217
0002221
0002223
0002224
0002229
0002230
0002236
0002237
0002241
0002242
0002244
0002245
0002249
0002250
0002251
0002252
0002261
0002266
0002268
0002271
0002273
0002276
0002277
0002280
0002281
0002283
0002284
0002285
0002287
0002292
0002294
0002299
0002302
0002303
0002304
0002308
0002310
0002311
0002325
0002326
0002329
0002340
0002343
0002352
0002353
0002354
0002358
0002366
0002368
0002371
0002373
0002375
0002383
0002384
0002385
0002389
0002390
0002396
0002399
0002400
0002405
0002407
0002408
0002410
0002411
0002413
0002415
0002416
0002421
0002422
0002424
0002426
0002428
0002429
0002431
0002434
0002436
0002437
0002439
0002440
0002444
0002450
0002456
0002460
0002465
0002466
0002468
0002470
0002474
0002475
0002477
0002479
0002481
0002482
0002489
0002491
0002493
0002500
0002501
0002503
0002505
0002506
0002508
0002512
0002517
0002522
0002544
0002555
0002558
0002563
0002568
0002570
0002572
0002573
0002583
0002588
0002589
0002594
0002595
0002600
0002601
0002602
0002603
0002608
0002610
0002619
0002624
0002625
0002630
0002635
0002640
0002642
0002643
0002657
0002665
0002668
0002670
0002672
0002673
0002681
0002695
0002699
0002701
0002703
0002709
0002714
0002716
0002736
0002739
0002773
0002782
0002797
0002815
0002818
0002831
0300001
0300002
0300003
0300009
0300010
0300011
0300014
0300015
0300017
0300020
0300024
0300026
0300027
0300033
0300036
0300037
0300043
0300053
0300055
0300058
0300059
0300068
0300070
0300072
0300073
0300075
0300077
0300078
0300079
0300083
0300085
0300088
0300090
0300098
0300101
0300104
0300113
0300115
0300116
0300118
0300122
0300124
0300133
0300134
0300136
0300142
0300144
0300145
0300146
0300156
0300159
0300166
0300168
0300170
0300182
0300185
0300197
0300199
0300202
0300203
0300207
0300212
0300216
0300222
0300244
0300251
0300253
0300257
0300266
0300267
0300271
0300273
0300274
0300287
0300291
0300292
0300294
0300296
0300304
0300310
0300315
0300317
0300324
0300347
0300352
0300355
0300359
0300364
0300367
0300368
0300369
0300376
0300377
0300379
0300383
0300386
0300408
0300413
0300418
0300431
0300433
0300450
0300458
0300459
0300474
0300496
0300498
0300506
0300558
#转融券
0000001
0000002
0000006
0000009
0000012
0000027
0000028
0000031
0000039
0000043
0000046
0000049
0000050
0000060
0000061
0000062
0000063
0000069
0000078
0000088
0000089
0000099
0000100
0000151
0000156
0000157
0000333
0000338
0000400
0000401
0000402
0000410
0000413
0000415
0000417
0000422
0000423
0000425
0000426
0000501
0000503
0000506
0000511
0000513
0000516
0000525
0000528
0000536
0000537
0000538
0000539
0000540
0000541
0000543
0000550
0000551
0000552
0000554
0000559
0000563
0000566
0000568
0000572
0000581
0000592
0000596
0000598
0000607
0000616
0000623
0000625
0000629
0000630
0000631
0000650
0000651
0000655
0000661
0000667
0000671
0000680
0000685
0000686
0000690
0000693
0000697
0000709
0000712
0000718
0000725
0000728
0000729
0000731
0000732
0000738
0000739
0000748
0000750
0000758
0000761
0000762
0000768
0000776
0000777
0000778
0000780
0000783
0000786
0000788
0000789
0000790
0000792
0000793
0000800
0000801
0000807
0000811
0000812
0000816
0000823
0000825
0000826
0000829
0000830
0000831
0000839
0000848
0000851
0000858
0000860
0000868
0000869
0000876
0000877
0000878
0000883
0000887
0000895
0000897
0000898
0000901
0000905
0000915
0000917
0000921
0000926
0000930
0000933
0000937
0000938
0000939
0000960
0000961
0000962
0000963
0000968
0000969
0000970
0000973
0000975
0000977
0000979
0000983
0000988
0000989
0000996
0000997
0000998
0000999
0002001
0002004
0002005
0002007
0002008
0002011
0002016
0002022
0002023
0002024
0002025
0002028
0002029
0002030
0002038
0002041
0002048
0002049
0002050
0002051
0002055
0002056
0002063
0002064
0002065
0002067
0002069
0002070
0002073
0002078
0002079
0002081
0002091
0002092
0002093
0002095
0002104
0002106
0002108
0002117
0002118
0002128
0002129
0002130
0002138
0002140
0002142
0002146
0002148
0002151
0002152
0002153
0002154
0002158
0002161
0002176
0002179
0002181
0002183
0002185
0002190
0002191
0002202
0002203
0002204
0002219
0002221
0002223
0002229
0002230
0002233
0002236
0002237
0002241
0002242
0002244
0002250
0002251
0002252
0002261
0002262
0002266
0002267
0002268
0002269
0002273
0002275
0002276
0002277
0002281
0002285
0002287
0002292
0002293
0002294
0002299
0002304
0002307
0002308
0002310
0002311
0002312
0002313
0002317
0002318
0002325
0002340
0002344
0002353
0002355
0002368
0002369
0002371
0002375
0002378
0002385
0002393
0002396
0002399
0002400
0002401
0002405
0002407
0002408
0002410
0002414
0002415
0002416
0002419
0002423
0002424
0002428
0002429
0002431
0002437
0002439
0002440
0002444
0002450
0002456
0002460
0002461
0002465
0002467
0002470
0002474
0002475
0002476
0002482
0002490
0002493
0002500
0002501
0002508
0002518
0002524
0002556
0002570
0002571
0002573
0002574
0002577
0002579
0002594
0002603
0002642
0002646
0002648
0002653
0002673
0002681
0002701
0300001
0300002
0300003
0300005
0300010
0300014
0300015
0300017
0300020
0300024
0300026
0300027
0300034
0300039
0300052
0300053
0300055
0300058
0300059
0300065
0300070
0300072
0300074
0300077
0300079
0300088
0300090
0300093
0300104
0300115
0300122
0300124
0300128
0300133
0300134
0300146
0300147
0300152
0300157
0300168
0300170
0300191
0300199
0300202
0300203
0300205
0300212
0300216
0300226
0300228
0300251
0300253
0300257
0300273
0300274
0300315
0300355
1600000
1600006
1600007
1600008
1600009
1600010
1600011
1600015
1600016
1600017
1600018
1600019
1600021
1600022
1600023
1600026
1600027
1600028
1600029
1600030
1600031
1600036
1600037
1600038
1600039
1600048
1600050
1600056
1600058
1600059
1600060
1600062
1600063
1600066
1600067
1600068
1600073
1600077
1600078
1600079
1600085
1600086
1600088
1600089
1600094
1600096
1600098
1600100
1600104
1600107
1600108
1600109
1600110
1600111
1600112
1600113
1600115
1600116
1600118
1600119
1600120
1600123
1600125
1600132
1600135
1600138
1600139
1600141
1600143
1600146
1600149
1600150
1600151
1600153
1600155
1600157
1600158
1600160
1600161
1600166
1600169
1600170
1600171
1600175
1600176
1600177
1600179
1600183
1600185
1600186
1600187
1600188
1600193
1600196
1600197
1600198
1600199
1600200
1600201
1600206
1600208
1600209
1600210
1600216
1600218
1600219
1600220
1600221
1600222
1600223
1600225
1600229
1600230
1600237
1600239
1600240
1600251
1600252
1600256
1600257
1600259
1600260
1600261
1600266
1600267
1600270
1600271
1600276
1600277
1600285
1600288
1600289
1600292
1600293
1600298
1600300
1600307
1600309
1600311
1600312
1600315
1600316
1600318
1600320
1600321
1600323
1600325
1600329
1600330
1600331
1600332
1600333
1600335
1600336
1600340
1600343
1600348
1600350
1600352
1600354
1600362
1600363
1600366
1600369
1600372
1600373
1600375
1600376
1600377
1600380
1600382
1600383
1600386
1600387
1600388
1600389
1600390
1600391
1600392
1600395
1600406
1600409
1600410
1600415
1600416
1600418
1600422
1600425
1600426
1600432
1600433
1600435
1600436
1600446
1600449
1600456
1600458
1600459
1600460
1600467
1600470
1600478
1600481
1600482
1600483
1600486
1600489
1600490
1600491
1600495
1600497
1600498
1600499
1600500
1600502
1600503
1600509
1600515
1600516
1600517
1600518
1600519
1600521
1600522
1600523
1600525
1600526
1600528
1600535
1600536
1600537
1600543
1600545
1600546
1600547
1600549
1600551
1600557
1600559
1600563
1600566
1600568
1600570
1600572
1600575
1600578
1600580
1600582
1600583
1600584
1600585
1600587
1600588
1600592
1600594
1600595
1600596
1600597
1600600
1600601
1600604
1600606
1600609
1600611
1600614
1600616
1600620
1600624
1600626
1600633
1600635
1600636
1600637
1600639
1600640
1600642
1600643
1600645
1600648
1600649
1600651
1600652
1600653
1600654
1600655
1600660
1600661
1600662
1600663
1600664
1600667
1600668
1600673
1600674
1600675
1600677
1600680
1600684
1600688
1600690
1600692
1600694
1600696
1600699
1600702
1600703
1600704
1600705
1600707
1600711
1600716
1600717
1600718
1600720
1600728
1600729
1600730
1600737
1600739
1600740
1600741
1600742
1600743
1600744
1600747
1600748
1600750
1600751
1600755
1600756
1600757
1600759
1600761
1600765
1600770
1600771
1600773
1600775
1600776
1600777
1600783
1600787
1600789
1600790
1600795
1600797
1600800
1600801
1600802
1600804
1600805
1600807
1600808
1600809
1600811
1600815
1600816
1600820
1600823
1600825
1600826
1600827
1600830
1600831
1600835
1600837
1600838
1600839
1600844
1600846
1600851
1600855
1600859
1600863
1600867
1600868
1600872
1600873
1600874
1600875
1600877
1600879
1600880
1600881
1600884
1600886
1600887
1600893
1600894
1600895
1600900
1600967
1600970
1600971
1600976
1600978
1600987
1600993
1600998
1600999
1601000
1601001
1601002
1601005
1601006
1601009
1601012
1601018
1601038
1601088
1601098
1601099
1601101
1601106
1601111
1601117
1601118
1601139
1601158
1601166
1601168
1601169
1601179
1601186
1601216
1601218
1601225
1601231
1601238
1601258
1601288
1601311
1601318
1601328
1601333
1601336
1601369
1601377
1601388
1601390
1601398
1601519
1601555
1601600
1601601
1601607
1601608
1601618
1601628
1601633
1601666
1601668
1601669
1601678
1601688
1601699
1601717
1601718
1601727
1601766
1601777
1601788
1601789
1601800
1601801
1601808
1601818
1601857
1601866
1601872
1601877
1601880
1601886
1601888
1601898
1601899
1601901
1601918
1601919
1601928
1601929
1601933
1601939
1601958
1601988
1601989
1601991
1601992
1601996
1601998
1601999
1603000
1603993
#深港通SZ
0000001
0000002
0000005
0000006
0000008
0000009
0000012
0000018
0000019
0000021
0000025
0000027
0000028
0000029
0000030
0000031
0000034
0000035
0000036
0000039
0000042
0000045
0000046
0000049
0000050
0000055
0000058
0000059
0000060
0000061
0000062
0000063
0000065
0000066
0000068
0000069
0000070
0000078
0000088
0000089
0000090
0000096
0000099
0000100
0000150
0000156
0000157
0000158
0000166
0000333
0000338
0000400
0000402
0000407
0000409
0000413
0000415
0000417
0000418
0000423
0000425
0000426
0000488
0000498
0000501
0000503
0000506
0000510
0000513
0000514
0000516
0000517
0000518
0000519
0000525
0000528
0000531
0000533
0000536
0000538
0000539
0000540
0000541
0000543
0000547
0000550
0000552
0000555
0000558
0000559
0000561
0000563
0000564
0000566
0000568
0000571
0000572
0000576
0000581
0000582
0000584
0000585
0000587
0000591
0000592
0000596
0000598
0000600
0000601
0000603
0000607
0000612
0000615
0000616
0000617
0000620
0000623
0000625
0000627
0000630
0000631
0000635
0000636
0000650
0000651
0000656
0000657
0000661
0000662
0000665
0000666
0000667
0000669
0000671
0000673
0000676
0000681
0000683
0000685
0000686
0000687
0000688
0000690
0000697
0000700
0000701
0000703
0000709
0000712
0000717
0000718
0000719
0000722
0000725
0000726
0000727
0000728
0000729
0000732
0000733
0000735
0000738
0000739
0000750
0000751
0000756
0000758
0000761
0000762
0000766
0000767
0000768
0000776
0000777
0000778
0000783
0000786
0000792
0000793
0000795
0000796
0000797
0000799
0000800
0000801
0000802
0000806
0000807
0000810
0000811
0000815
0000816
0000818
0000819
0000821
0000823
0000825
0000826
0000828
0000829
0000830
0000836
0000838
0000839
0000848
0000851
0000858
0000860
0000861
0000863
0000869
0000875
0000876
0000878
0000881
0000882
0000883
0000887
0000888
0000889
0000893
0000895
0000897
0000898
0000900
0000901
0000902
0000903
0000908
0000910
0000915
0000917
0000920
0000921
0000925
0000926
0000928
0000930
0000933
0000936
0000937
0000938
0000939
0000957
0000958
0000959
0000960
0000961
0000963
0000965
0000969
0000970
0000971
0000973
0000975
0000976
0000977
0000979
0000980
0000983
0000987
0000988
0000989
0000990
0000997
0000998
0000999
0001696
0001896
0001979
0002001
0002002
0002004
0002007
0002008
0002010
0002011
0002013
0002016
0002018
0002019
0002020
0002022
0002023
0002024
0002025
0002027
0002028
0002029
0002030
0002031
0002032
0002033
0002035
0002036
0002038
0002040
0002041
0002042
0002043
0002044
0002047
0002048
0002049
0002050
0002051
0002052
0002055
0002056
0002063
0002064
0002065
0002067
0002071
0002073
0002074
0002075
0002078
0002079
0002080
0002081
0002085
0002086
0002089
0002091
0002092
0002093
0002094
0002095
0002097
0002099
0002100
0002104
0002106
0002108
0002110
0002111
0002114
0002117
0002118
0002120
0002121
0002122
0002123
0002124
0002126
0002127
0002128
0002129
0002130
0002131
0002137
0002138
0002139
0002142
0002143
0002145
0002146
0002147
0002151
0002152
0002153
0002155
0002156
0002157
0002161
0002167
0002168
0002169
0002170
0002171
0002172
0002174
0002175
0002176
0002178
0002179
0002180
0002182
0002183
0002185
0002190
0002191
0002192
0002194
0002195
0002197
0002202
0002203
0002204
0002206
0002210
0002212
0002215
0002216
0002217
0002221
0002222
0002223
0002224
0002226
0002229
0002230
0002233
0002235
0002236
0002237
0002238
0002239
0002241
0002242
0002244
0002245
0002246
0002247
0002249
0002250
0002251
0002252
0002253
0002254
0002256
0002259
0002260
0002261
0002262
0002263
0002265
0002266
0002267
0002268
0002269
0002271
0002273
0002275
0002276
0002277
0002278
0002279
0002280
0002281
0002283
0002284
0002285
0002287
0002288
0002292
0002293
0002294
0002297
0002298
0002299
0002300
0002301
0002302
0002303
0002304
0002305
0002307
0002308
0002309
0002310
0002311
0002313
0002314
0002315
0002317
0002318
0002320
0002322
0002324
0002325
0002326
0002327
0002329
0002332
0002334
0002335
0002339
0002340
0002341
0002343
0002344
0002345
0002348
0002349
0002352
0002353
0002354
0002355
0002358
0002359
0002361
0002364
0002366
0002367
0002368
0002371
0002372
0002373
0002375
0002376
0002378
0002383
0002384
0002385
0002387
0002389
0002390
0002392
0002393
0002396
0002399
0002400
0002402
0002405
0002407
0002408
0002410
0002411
0002413
0002414
0002415
0002416
0002418
0002419
0002421
0002422
0002424
0002425
0002426
0002427
0002428
0002429
0002431
0002432
0002433
0002434
0002436
0002437
0002439
0002440
0002443
0002444
0002445
0002446
0002447
0002448
0002449
0002450
0002456
0002458
0002460
0002461
0002462
0002463
0002464
0002465
0002466
0002467
0002468
0002470
0002471
0002474
0002475
0002476
0002477
0002479
0002480
0002481
0002482
0002484
0002488
0002489
0002491
0002493
0002496
0002497
0002498
0002500
0002501
0002502
0002503
0002505
0002506
0002508
0002509
0002512
0002515
0002516
0002517
0002518
0002519
0002522
0002527
0002531
0002538
0002539
0002540
0002542
0002544
0002547
0002550
0002551
0002554
0002555
0002556
0002557
0002558
0002561
0002563
0002567
0002568
0002570
0002572
0002573
0002574
0002577
0002581
0002583
0002586
0002588
0002589
0002590
0002594
0002595
0002596
0002597
0002600
0002601
0002602
0002603
0002604
0002608
0002609
0002610
0002614
0002618
0002619
0002620
0002622
0002623
0002624
0002625
0002626
0002628
0002630
0002631
0002635
0002636
0002638
0002639
0002640
0002642
0002643
0002646
0002649
0002650
0002651
0002653
0002654
0002657
0002658
0002662
0002663
0002664
0002665
0002668
0002670
0002672
0002673
0002675
0002678
0002681
0002685
0002690
0002695
0002697
0002698
0002699
0002701
0002703
0002707
0002709
0002711
0002714
0002716
0002717
0002721
0002722
0002727
0002736
0002737
0002739
0002745
0002746
0002751
0002752
0002766
0002769
0002773
0002782
0002786
0002791
0002792
0002797
0002801
0002802
0002815
0002818
0002821
0002831
0002833
0300001
0300002
0300003
0300004
0300005
0300006
0300008
0300009
0300010
0300011
0300012
0300014
0300015
0300017
0300020
0300024
0300026
0300027
0300031
0300032
0300033
0300034
0300036
0300037
0300038
0300039
0300043
0300044
0300045
0300047
0300048
0300053
0300054
0300055
0300056
0300058
0300059
0300064
0300065
0300066
0300068
0300070
0300072
0300073
0300075
0300077
0300078
0300079
0300081
0300083
0300085
0300088
0300090
0300096
0300097
0300098
0300099
0300100
0300101
0300104
0300109
0300110
0300113
0300115
0300116
0300118
0300122
0300124
0300128
0300131
0300133
0300134
0300136
0300142
0300144
0300145
0300146
0300147
0300148
0300156
0300157
0300159
0300160
0300166
0300168
0300170
0300171
0300175
0300177
0300178
0300180
0300182
0300183
0300185
0300187
0300188
0300191
0300197
0300199
0300202
0300203
0300204
0300205
0300207
0300212
0300215
0300216
0300221
0300222
0300223
0300224
0300226
0300228
0300229
0300231
0300236
0300238
0300244
0300247
0300248
0300251
0300252
0300253
0300255
0300256
0300257
0300262
0300266
0300267
0300269
0300271
0300273
0300274
0300276
0300284
0300285
0300287
0300288
0300291
0300292
0300294
0300296
0300297
0300299
0300300
0300302
0300303
0300304
0300307
0300310
0300315
0300316
0300317
0300322
0300324
0300327
0300332
0300336
0300337
0300339
0300343
0300347
0300348
0300351
0300352
0300353
0300355
0300359
0300363
0300364
0300367
0300368
0300369
0300373
0300376
0300377
0300379
0300383
0300386
0300392
0300398
0300406
0300408
0300409
0300413
0300418
0300427
0300431
0300432
0300433
0300438
0300439
0300443
0300450
0300451
0300458
0300459
0300463
0300465
0300467
0300474
0300476
0300484
0300485
0300494
0300495
0300496
0300498
0300502
0300503
0300506
0300507
0300512
0300516
0300518
0300527
0300531
0300558
#跨市场ETF
1510300
1510310
1510330
1510360
1510500
1510510
1510520
1510560
1510580
1512000
1512010
1512070
1512100
1512120
1512210
1512220
1512230
1512300
1512310
1512330
1512340
1512500
1512510
1512580
1512600
1512610
1512640
1512660
1512680
1512810
1512880
1512900
1512990
#合格机构债券
0111050
0111051
0111052
0111058
0111062
0111064
0111068
0111069
0112019
0112022
0112024
0112025
0112030
0112033
0112034
0112035
0112036
0112038
0112041
0112044
0112045
0112048
0112051
0112052
0112059
0112067
0112070
0112073
0112076
0112086
0112107
0112109
0112110
0112112
0112113
0112114
0112115
0112116
0112117
0112118
0112119
0112120
0112121
0112123
0112126
0112127
0112128
0112129
0112130
0112132
0112133
0112134
0112136
0112137
0112139
0112140
0112141
0112142
0112143
0112144
0112145
0112148
0112149
0112150
0112153
0112155
0112156
0112157
0112160
0112161
0112163
0112165
0112167
0112168
0112169
0112170
0112171
0112172
0112173
0112174
0112175
0112177
0112179
0112180
0112184
0112193
0112203
0112204
0112208
0112209
0112211
0112213
0112214
0112215
0112216
0112217
0112220
0112221
0112223
0112225
0112226
0112227
0112228
0112230
0112231
0112233
0112234
0112235
0112237
0112238
0112240
0112241
0112243
0112244
0112245
0112246
0112247
0112248
0112249
0112250
0112251
0112253
0112254
0112255
0112256
0112257
0112258
0112259
0112260
0112261
0112262
0112265
0112266
0112267
0112268
0112269
0112270
0112271
0112272
0112275
0112276
0112280
0112281
0112286
0112287
0112289
0112291
0112293
0112294
0112295
0112297
0112298
0112299
0112300
0112301
0112302
0112303
0112304
0112305
0112306
0112308
0112309
0112310
0112311
0112313
0112314
0112315
0112316
0112317
0112319
0112320
0112321
0112322
0112324
0112325
0112326
0112328
0112329
0112330
0112331
0112332
0112334
0112335
0112336
0112337
0112338
0112340
0112341
0112343
0112344
0112345
0112346
0112347
0112348
0112349
0112350
0112351
0112354
0112357
0112359
0112362
0112363
0112366
0112367
0112369
0112371
0112372
0112373
0112374
0112375
0112378
0112379
0112380
0112381
0112382
0112383
0112384
0112385
0112387
0112388
0112389
0112390
0112391
0112392
0112393
0112394
0112395
0112396
0112397
0112399
0112400
0112401
0112402
0112403
0112404
0112405
0112407
0112408
0112411
0112412
0112414
0112415
0112416
0112417
0112418
0112420
0112421
0112422
0112423
0112424
0112426
0112427
0112430
0112431
0112433
0112434
0112435
0112436
0112437
0112438
0112439
0112440
0112441
0112442
0112443
0112444
0112447
0112448
0112449
0112450
0112451
0112452
0112453
0112454
0112458
0112459
0112461
0112463
0112464
0112465
0112466
0112467
0112468
0112469
0112470
0112471
0112472
0112473
0112474
0112475
0112477
0112478
0112479
0112480
0112481
0112482
0112483
0112484
0112485
0112486
0112487
0112488
0112489
0112490
0112491
0112492
0112494
0112496
0112497
0112498
0112499
0112500
0112501
0112502
0112503
0112504
0112505
0112507
0112509
0112510
0112511
0112512
0112513
0112514
0112515
0112517
0112519
0112521
0112523
0112525
0112526
0112527
0112529
0112531
0112532
0112533
0112534
0112535
0112537
0112541
0112545
0112547
0112549
0112550
0112553
0112554
0112560
0112565
0112576
0114001
0114002
0114003
0114004
0114005
0114006
0114007
0114008
0114009
0114010
0114011
0114012
0114015
0114016
0114017
0114018
0114019
0114020
0114021
0114022
0114023
0114024
0114025
0114026
0114027
0114028
0114031
0114032
0114033
0114034
0114035
0114036
0114037
0114038
0114039
0114040
0114041
0114042
0114043
0114044
0114045
0114046
0114047
0114048
0114049
0114050
0114051
0114052
0114053
0114055
0114056
0114057
0114058
0114059
0114060
0114063
0114065
0114066
0114068
0114069
0114070
0114071
0114072
0114073
0114075
0114076
0114077
0114078
0114079
0114080
0114081
0114082
0114083
0114085
0114086
0114088
0114091
0114093
0114094
0114095
0114096
0114097
0114098
0114100
0114101
0114102
0114103
0114105
0114107
0114108
0114109
0114110
0114111
0114112
0114113
0114114
0114115
0114116
0114117
0114118
0114119
0114120
0114121
0114124
0114125
0114126
0114127
0114128
0114129
0114130
0114131
0114132
0114133
0114134
0114135
0114137
0114138
0114139
0114142
0114143
0114144
0114145
0114146
0114147
0114149
0114150
0114151
0114152
0114153
0114154
0114155
0114160
0114164
0114165
0114166
0114168
0114171
0114173
0114174
0114175
0114177
0114178
0114179
0114180
0114181
0114182
0114183
0114185
0114187
0114189
0114190
0114191
0114192
0114196
0114200
0116002
0116003
0116004
0116005
0116018
0116019
0116022
0116023
0116024
0116028
0116029
0116030
0116031
0116034
0116035
0116036
0116037
0116038
0116039
0116040
0116043
0116044
0116045
0116046
0116047
0116049
0116050
0116053
0116054
0116055
0116056
0116057
0116058
0116065
0116071
0116072
0116073
0116074
0116080
0116081
0116082
0116083
0116086
0116089
0116091
0116092
0116093
0116094
0116098
0116099
0116100
0116101
0116102
0116105
0116106
0116109
0116111
0116112
0116113
0116116
0116117
0116118
0116119
0116121
0116122
0116127
0116128
0116129
0116130
0116131
0116132
0116133
0116136
0116137
0116140
0116141
0116146
0116148
0116149
0116150
0116153
0116156
0116164
0116165
0116166
0116167
0116175
0116176
0116177
0116178
0116185
0116186
0116187
0116190
0116191
0116192
0116193
0116194
0116195
0116196
0116201
0116202
0116203
0116204
0116205
0116208
0116209
0116210
0116211
0116212
0116214
0116215
0116216
0116217
0116220
0116221
0116222
0116226
0116227
0116228
0116229
0116232
0116238
0116239
0116240
0116241
0116242
0116246
0116247
0116248
0116249
0116250
0116251
0116255
0116256
0116257
0116258
0116264
0116265
0116266
0116267
0116270
0116271
0116274
0116275
0116276
0116277
0116281
0116282
0116283
0116284
0116285
0116286
0116287
0116288
0116289
0116290
0116291
0116292
0116293
0116294
0116296
0116297
0116301
0116302
0116303
0116304
0116305
0116306
0116308
0116309
0116312
0116313
0116318
0116319
0116320
0116321
0116325
0116326
0116327
0116335
0116336
0116339
0116341
0116342
0116348
0116349
0116350
0116351
0116352
0116353
0116354
0116355
0116356
0116357
0116358
0116361
0116362
0116363
0116364
0116367
0116368
0116372
0116373
0116374
0116375
0116393
0116394
0116395
0116396
0116397
0116398
0116400
0116401
0116405
0116406
0116407
0116408
0116409
0116410
0116411
0116412
0116413
0116414
0116415
0116417
0116418
0116419
0116421
0116422
0116423
0116424
0116425
0116426
0116428
0116429
0116430
0116431
0116432
0116433
0116434
0116435
0116436
0116437
0116449
0116450
0116451
0116452
0116453
0116454
0116455
0116456
0116460
0116461
0116462
0116463
0116464
0116465
0116466
0116468
0116470
0116471
0116472
0116473
0116474
0116475
0116477
0116478
0116479
0116482
0116483
0116484
0116493
0116494
0116495
0116496
0116497
0116498
0116499
0116500
0116501
0116502
0116503
0116504
0116506
0116507
0116512
0116513
0116514
0116515
0116516
0116517
0116518
0116519
0116520
0116521
0116522
0116523
0116524
0116526
0116530
0116531
0116532
0116533
0116534
0116536
0116537
0116539
0116540
0116542
0116543
0116544
0116545
0116546
0116547
0116549
0116550
0116552
0116553
0116554
0116556
0116557
0116558
0116560
0116562
0116563
0116564
0116565
0116566
0116567
0116571
0116574
0116575
0116576
0116581
0116582
0116584
0116585
0116586
0116588
0116589
0116590
0116593
0116594
0116596
0116597
0116598
0116599
0116600
0116601
0116602
0116603
0116605
0116606
0116608
0116609
0116611
0116612
0116615
0117009
0117014
0117015
0117016
0117018
0117019
0117021
0117022
0117025
0117026
0117027
0117028
0117030
0117032
0117033
0117034
0117035
0117037
0117038
0117039
0117040
0117041
0117042
0117043
0117044
0117045
0117046
0117047
0117048
0117049
0117050
0117051
0117052
0117053
0117054
0117055
0117056
0117057
0117058
0117059
0117060
0117061
0117062
0117063
0117064
0117065
0117066
0117067
0117069
0117070
0117071
0117072
0117073
0117074
0117075
0117076
0117077
0117078
0117079
0117080
0117084
0117086
0117089
0117549
0117553
0117559
0117560
0117561
0117562
0117563
0117564
0117565
0117566
0117567
0117568
0117569
0118271
0118279
0118281
0118283
0118284
0118285
0118287
0118291
0118295
0118297
0118298
0118299
0118301
0118303
0118305
0118308
0118313
0118315
0118317
0118319
0118321
0118322
0118323
0118324
0118325
0118327
0118329
0118330
0118331
0118332
0118333
0118334
0118335
0118336
0118337
0118338
0118339
0118340
0118341
0118343
0118344
0118345
0118346
0118347
0118348
0118350
0118351
0118352
0118353
0118354
0118356
0118357
0118358
0118359
0118360
0118361
0118363
0118364
0118365
0118366
0118367
0118368
0118369
0118370
0118371
0118372
0118373
0118374
0118375
0118376
0118378
0118379
0118380
0118381
0118382
0118383
0118384
0118385
0118386
0118387
0118388
0118389
0118390
0118391
0118392
0118393
0118394
0118395
0118396
0118397
0118398
0118399
0118400
0118401
0118402
0118404
0118405
0118406
0118407
0118408
0118409
0118411
0118412
0118413
0118414
0118415
0118416
0118417
0118418
0118420
0118421
0118422
0118423
0118424
0118425
0118426
0118427
0118428
0118429
0118430
0118431
0118433
0118434
0118435
0118436
0118437
0118438
0118439
0118440
0118441
0118442
0118443
0118444
0118445
0118446
0118447
0118448
0118449
0118450
0118451
0118452
0118453
0118454
0118455
0118456
0118457
0118458
0118459
0118460
0118461
0118462
0118463
0118464
0118465
0118466
0118467
0118468
0118469
0118470
0118471
0118472
0118473
0118475
0118476
0118477
0118478
0118479
0118480
0118481
0118482
0118483
0118484
0118485
0118486
0118487
0118488
0118489
0118490
0118491
0118492
0118493
0118494
0118495
0118496
0118497
0118498
0118499
0118500
0118501
0118502
0118503
0118504
0118505
0118506
0118508
0118509
0118510
0118511
0118512
0118513
0118514
0118515
0118516
0118517
0118518
0118519
0118520
0118521
0118522
0118523
0118524
0118525
0118526
0118527
0118528
0118529
0118530
0118531
0118532
0118533
0118534
0118535
0118536
0118537
0118538
0118539
0118540
0118541
0118542
0118543
0118544
0118545
0118546
0118548
0118549
0118550
0118551
0118552
0118553
0118554
0118555
0118556
0118557
0118558
0118559
0118560
0118561
0118562
0118563
0118564
0118565
0118566
0118567
0118568
0118569
0118570
0118571
0118572
0118573
0118574
0118575
0118576
0118577
0118578
0118579
0118580
0118581
0118582
0118583
0118584
0118585
0118586
0118587
0118588
0118589
0118590
0118591
0118592
0118593
0118594
0118595
0118597
0118599
0118600
0118602
0118603
0118604
0118605
0118606
0118607
0118609
0118610
0118611
0118612
0118613
0118615
0118616
0118617
0118618
0118619
0118620
0118621
0118623
0118624
0118625
0118626
0118628
0118629
0118630
0118631
0118632
0118633
0118635
0118636
0118637
0118638
0118639
0118641
0118642
0118643
0118644
0118645
0118646
0118647
0118648
0118649
0118650
0118651
0118652
0118653
0118655
0118656
0118658
0118659
0118661
0118662
0118663
0118664
0118665
0118666
0118667
0118668
0118669
0118670
0118671
0118672
0118673
0118674
0118675
0118676
0118677
0118678
0118679
0118680
0118681
0118682
0118683
0118684
0118685
0118686
0118687
0118688
0118689
0118690
0118691
0118692
0118693
0118694
0118695
0118696
0118697
0118698
0118699
0118700
0118701
0118702
0118703
0118704
0118705
0118707
0118708
0118709
0118710
0118711
0118712
0118713
0118715
0118716
0118717
0118719
0118720
0118721
0118722
0118723
0118724
0118726
0118727
0118728
0118729
0118730
0118731
0118732
0118733
0118734
0118735
0118736
0118737
0118738
0118739
0118740
0118741
0118742
0118743
0118744
0118745
0118746
0118747
0118748
0118749
0118751
0118752
0118753
0118754
0118755
0118756
0118757
0118758
0118759
0118760
0118761
0118762
0118763
0118764
0118765
0118766
0118767
0118768
0118769
0118770
0118771
0118772
0118773
0118774
0118775
0118776
0118777
0118778
0118779
0118780
0118781
0118782
0118783
0118785
0118786
0118787
0118788
0118789
0118790
0118791
0118792
0118793
0118794
0118795
0118796
0118797
0118798
0118799
0118800
0118801
0118802
0118803
0118804
0118805
0118806
0118807
0118808
0118809
0118810
0118811
0118813
0118814
0118815
0118816
0118817
0118818
0118819
0118820
0118821
0118822
0118823
0118824
0118825
0118826
0118828
0118829
0118830
0118831
0118832
0118833
0118834
0118835
0118836
0118837
0118838
0118839
0118840
0118841
0118842
0118843
0118844
0118845
0118846
0118847
0118848
0118849
0118850
0118851
0118852
0118853
0118854
0118855
0118856
0118857
0118858
0118859
0118861
0118862
0118863
0118865
0118866
0118867
0118868
0118869
0118870
0118871
0118872
0118873
0118874
0118875
0118876
0118877
0118878
0118879
0118880
0118881
0118882
0118883
0118884
0118885
0118886
0118888
0118889
0118890
0118891
0118892
0118893
0118894
0118897
0118898
0118899
0118907
0118908
0118910
0118913
0118916
0118917
0118919
0118920
0118922
0118929
0118932
0118935
0118938
0118939
0118940
0118941
0118943
0118944
0118945
0118946
0118947
0118948
0118949
0118950
0118951
0118952
0118953
0118954
0118955
0118956
0118957
0118958
0118959
0118960
0118962
0119027
0119033
0119068
0119069
0119070
0119071
0119072
0119079
0119080
0119085
0119086
0119094
0119095
0119096
0119097
0119098
0119105
0119106
0119107
0119111
0119112
0119113
0119127
0119128
0119129
0119130
0119142
0119143
0119144
0119151
0119152
0119153
0119154
0119155
0119156
0119157
0119158
0119163
0119164
0119169
0119174
0119175
0119176
0119180
0119181
0119182
0119184
0119187
0119188
0119189
0119193
0119196
0119197
0119200
0119201
0119202
0119211
0119212
0119213
0119214
0119215
0119226
0119227
0119228
0119229
0119230
0119231
0119233
0119234
0119235
0119239
0119240
0119246
0119247
0119258
0119260
0119262
0119266
0119270
0119272
0119273
0119274
0119275
0119276
0119277
0119281
0119282
0119284
0119285
0119288
0119289
0119290
0119291
0119292
0119293
0119294
0119296
0119297
0119402
0119403
0119404
0119405
0119406
0119407
0119408
0119409
0119411
0119412
0119413
0119414
0119415
0119416
0119417
0119418
0119420
0119421
0119423
0119424
0120001
1120607
1122007
1122017
1122028
1122037
1122043
1122049
1122060
1122062
1122066
1122075
1122077
1122080
1122083
1122087
1122093
1122096
1122102
1122105
1122107
1122110
1122112
1122118
1122125
1122127
1122133
1122134
1122138
1122143
1122145
1122147
1122158
1122159
1122164
1122181
1122182
1122186
1122187
1122188
1122197
1122200
1122204
1122205
1122207
1122212
1122213
1122215
1122216
1122219
1122221
1122222
1122225
1122226
1122227
1122228
1122237
1122244
1122245
1122250
1122253
1122254
1122256
1122258
1122263
1122265
1122267
1122276
1122285
1122298
1122302
1122306
1122308
1122318
1122327
1122329
1122330
1122331
1122332
1122333
1122334
1122335
1122336
1122337
1122339
1122340
1122341
1122342
1122343
1122344
1122345
1122346
1122347
1122348
1122349
1122350
1122351
1122354
1122356
1122361
1122362
1122363
1122364
1122365
1122367
1122368
1122369
1122370
1122371
1122373
1122375
1122380
1122381
1122386
1122387
1122396
1122397
1122398
1122402
1122403
1122405
1122406
1122407
1122408
1122412
1122413
1122414
1122416
1122417
1122418
1122419
1122420
1122421
1122422
1122423
1122424
1122427
1122429
1122431
1122432
1122433
1122434
1122435
1122438
1122439
1122441
1122443
1122444
1122445
1122447
1122451
1122454
1122457
1122458
1122459
1122463
1122464
1122468
1122469
1122470
1122472
1122474
1122475
1122476
1122477
1122479
1122480
1122482
1122483
1122485
1122486
1122487
1122489
1122490
1122491
1122492
1122495
1122496
1122499
1122500
1122502
1122503
1122504
1122505
1122506
1122507
1122508
1122509
1122510
1122513
1122515
1122517
1122519
1122520
1122521
1122522
1122523
1122524
1122525
1122526
1122527
1122528
1122530
1122531
1122532
1122533
1122534
1122535
1122537
1122538
1122539
1122540
1122541
1122542
1122543
1122544
1122545
1122546
1122547
1122549
1122551
1122552
1122554
1122555
1122556
1122557
1122559
1122561
1122562
1122563
1122564
1122565
1122566
1122567
1122568
1122569
1122570
1122571
1122573
1122574
1122575
1122576
1122577
1122578
1122580
1122581
1122582
1122583
1122584
1122585
1122586
1122587
1122588
1122589
1122590
1122591
1122592
1122593
1122594
1122595
1122596
1122598
1122599
1122600
1122601
1122603
1122604
1122608
1122609
1122610
1122611
1122612
1122613
1122614
1122615
1122616
1122617
1122618
1122619
1122621
1122622
1122623
1122624
1122625
1122626
1122627
1122628
1122629
1122630
1122631
1122632
1122633
1122634
1122635
1122636
1122637
1122638
1122639
1122640
1122641
1122642
1122643
1122644
1122648
1122650
1122651
1122652
1122654
1122655
1122658
1122661
1122662
1122663
1122664
1122665
1122668
1122669
1122670
1122672
1122673
1122674
1122676
1122677
1122678
1122679
1122680
1122681
1122682
1122683
1122684
1122685
1122687
1122688
1122689
1122690
1122691
1122692
1122693
1122694
1122695
1122697
1122699
1122700
1122702
1122703
1122704
1122706
1122707
1122709
1122711
1122714
1122715
1122716
1122717
1122718
1122719
1122721
1122722
1122724
1122725
1122726
1122727
1122728
1122729
1122730
1122731
1122732
1122735
1122741
1122744
1122745
1122746
1122747
1122750
1122751
1122752
1122753
1122754
1122755
1122757
1122758
1122759
1122762
1122763
1122764
1122765
1122766
1122767
1122768
1122769
1122772
1122775
1122776
1122777
1122779
1122781
1122782
1122783
1122784
1122787
1122788
1122789
1122790
1122792
1122794
1122798
1122799
1122800
1122801
1122802
1122803
1122809
1122810
1122811
1122812
1122813
1122816
1122817
1122818
1122819
1122821
1122824
1122825
1122828
1122829
1122830
1122831
1122832
1122833
1122834
1122836
1122837
1122839
1122840
1122841
1122842
1122843
1122844
1122845
1122848
1122849
1122850
1122852
1122854
1122855
1122856
1122859
1122863
1122864
1122865
1122867
1122868
1122869
1122871
1122873
1122875
1122876
1122877
1122879
1122881
1122882
1122883
1122884
1122888
1122889
1122892
1122897
1122898
1122901
1122911
1122912
1122917
1122928
1122938
1122940
1122941
1122956
1122961
1122965
1124000
1124001
1124002
1124004
1124005
1124006
1124007
1124008
1124009
1124010
1124012
1124013
1124014
1124015
1124016
1124017
1124018
1124019
1124020
1124021
1124022
1124023
1124024
1124025
1124026
1124027
1124028
1124029
1124031
1124032
1124034
1124035
1124036
1124037
1124038
1124039
1124040
1124041
1124042
1124043
1124045
1124046
1124047
1124048
1124049
1124050
1124051
1124052
1124053
1124054
1124055
1124056
1124057
1124058
1124059
1124060
1124061
1124062
1124070
1124071
1124072
1124073
1124074
1124075
1124076
1124077
1124079
1124080
1124083
1124084
1124085
1124086
1124087
1124088
1124089
1124090
1124091
1124092
1124093
1124095
1124096
1124097
1124098
1124099
1124100
1124102
1124103
1124104
1124105
1124106
1124107
1124108
1124110
1124111
1124112
1124113
1124114
1124116
1124117
1124118
1124119
1124120
1124121
1124122
1124123
1124125
1124126
1124127
1124128
1124129
1124130
1124131
1124132
1124133
1124134
1124136
1124137
1124139
1124140
1124142
1124143
1124146
1124147
1124148
1124149
1124150
1124151
1124155
1124156
1124158
1124161
1124162
1124163
1124164
1124166
1124167
1124168
1124169
1124170
1124171
1124174
1124175
1124177
1124178
1124180
1124181
1124182
1124183
1124185
1124187
1124188
1124189
1124190
1124191
1124192
1124193
1124196
1124199
1124200
1124201
1124202
1124203
1124205
1124206
1124207
1124208
1124209
1124210
1124211
1124212
1124213
1124215
1124216
1124218
1124219
1124220
1124221
1124223
1124225
1124226
1124229
1124230
1124231
1124232
1124235
1124236
1124238
1124239
1124240
1124242
1124243
1124244
1124245
1124246
1124247
1124248
1124249
1124250
1124252
1124253
1124254
1124255
1124256
1124258
1124259
1124260
1124261
1124262
1124263
1124264
1124265
1124266
1124267
1124268
1124269
1124270
1124271
1124272
1124273
1124275
1124276
1124277
1124278
1124279
1124280
1124281
1124283
1124284
1124285
1124287
1124288
1124289
1124291
1124292
1124293
1124294
1124296
1124297
1124298
1124299
1124301
1124302
1124303
1124304
1124305
1124306
1124308
1124309
1124310
1124311
1124312
1124313
1124314
1124315
1124316
1124318
1124319
1124321
1124322
1124323
1124324
1124325
1124326
1124328
1124329
1124330
1124332
1124333
1124334
1124337
1124338
1124340
1124341
1124342
1124343
1124344
1124345
1124348
1124349
1124350
1124351
1124352
1124353
1124354
1124355
1124357
1124359
1124360
1124362
1124364
1124365
1124366
1124368
1124369
1124370
1124371
1124373
1124374
1124375
1124376
1124377
1124378
1124379
1124380
1124384
1124385
1124386
1124387
1124388
1124389
1124390
1124391
1124392
1124393
1124394
1124395
1124396
1124397
1124398
1124399
1124400
1124401
1124402
1124404
1124405
1124406
1124408
1124409
1124412
1124413
1124417
1124418
1124419
1124422
1124423
1124424
1124425
1124427
1124428
1124429
1124431
1124432
1124433
1124434
1124435
1124436
1124437
1124438
1124439
1124440
1124441
1124442
1124443
1124444
1124445
1124448
1124450
1124451
1124452
1124453
1124454
1124455
1124459
1124460
1124461
1124462
1124463
1124465
1124466
1124467
1124469
1124470
1124471
1124472
1124474
1124475
1124477
1124478
1124479
1124480
1124482
1124483
1124486
1124487
1124488
1124489
1124492
1124493
1124494
1124495
1124497
1124499
1124502
1124505
1124507
1124509
1124510
1124511
1124513
1124514
1124515
1124516
1124517
1124518
1124519
1124521
1124522
1124523
1124524
1124525
1124527
1124528
1124529
1124530
1124531
1124533
1124534
1124535
1124537
1124538
1124540
1124541
1124543
1124544
1124545
1124546
1124548
1124549
1124550
1124551
1124552
1124553
1124554
1124555
1124556
1124558
1124559
1124560
1124561
1124562
1124564
1124565
1124566
1124567
1124568
1124569
1124571
1124572
1124573
1124574
1124575
1124577
1124578
1124581
1124582
1124583
1124584
1124587
1124588
1124589
1124590
1124591
1124592
1124594
1124595
1124596
1124597
1124600
1124601
1124605
1124607
1124608
1124610
1124611
1124612
1124613
1124614
1124618
1124620
1124621
1124622
1124624
1124626
1124627
1124628
1124629
1124630
1124631
1124632
1124633
1124634
1124636
1124637
1124638
1124639
1124641
1124642
1124643
1124644
1124645
1124646
1124647
1124648
1124649
1124650
1124651
1124652
1124653
1124654
1124655
1124656
1124657
1124658
1124659
1124661
1124663
1124664
1124665
1124666
1124670
1124671
1124672
1124673
1124674
1124675
1124676
1124677
1124678
1124679
1124680
1124681
1124682
1124683
1124684
1124685
1124686
1124687
1124688
1124689
1124691
1124692
1124693
1124694
1124695
1124696
1124697
1124698
1124699
1124700
1124701
1124702
1124703
1124704
1124705
1124706
1124709
1124710
1124711
1124712
1124713
1124715
1124716
1124717
1124718
1124719
1124721
1124722
1124723
1124724
1124725
1124726
1124727
1124728
1124729
1124730
1124731
1124732
1124733
1124734
1124736
1124737
1124738
1124739
1124740
1124741
1124742
1124743
1124744
1124745
1124746
1124747
1124748
1124749
1124750
1124751
1124753
1124754
1124755
1124757
1124758
1124760
1124762
1124763
1124764
1124765
1124766
1124767
1124769
1124770
1124772
1124773
1124774
1124775
1124776
1124777
1124778
1124779
1124782
1124783
1124785
1124786
1124788
1124789
1124790
1124791
1124792
1124793
1124794
1124795
1124796
1124797
1124799
1124800
1124801
1124802
1124803
1124806
1124808
1124809
1124810
1124811
1124812
1124813
1124814
1124815
1124816
1124819
1124820
1124821
1124822
1124823
1124824
1124827
1124828
1124829
1124831
1124832
1124835
1124836
1124837
1124839
1124840
1124841
1124842
1124843
1124844
1124845
1124846
1124847
1124848
1124849
1124850
1124851
1124852
1124853
1124854
1124855
1124856
1124857
1124858
1124859
1124860
1124862
1124863
1124864
1124865
1124866
1124868
1124869
1124871
1124872
1124873
1124874
1124875
1124876
1124877
1124879
1124880
1124881
1124882
1124883
1124884
1124885
1124886
1124887
1124888
1124889
1124890
1124891
1124892
1124893
1124894
1124895
1124896
1124897
1124898
1124901
1124902
1124903
1124904
1124905
1124906
1124907
1124908
1124909
1124910
1124911
1124912
1124913
1124915
1124916
1124917
1124918
1124921
1124923
1124924
1124925
1124926
1124927
1124928
1124929
1124930
1124931
1124932
1124933
1124934
1124936
1124937
1124938
1124939
1124940
1124941
1124942
1124943
1124944
1124945
1124947
1124949
1124951
1124952
1124956
1124957
1124958
1124959
1124960
1124961
1124962
1124963
1124964
1124968
1124969
1124971
1124972
1124973
1124974
1124976
1124977
1124978
1124979
1124981
1124982
1124983
1124984
1124985
1124986
1124987
1124989
1127002
1127003
1127004
1127005
1127006
1127007
1127008
1127009
1127010
1127011
1127012
1127013
1127014
1127015
1127016
1127019
1127020
1127021
1127022
1127023
1127024
1127025
1127027
1127028
1127029
1127030
1127031
1127032
1127034
1127035
1127037
1127038
1127039
1127040
1127041
1127042
1127043
1127044
1127045
1127046
1127047
1127048
1127049
1127050
1127051
1127053
1127054
1127055
1127057
1127058
1127059
1127060
1127061
1127065
1127066
1127067
1127070
1127071
1127072
1127073
1127074
1127075
1127076
1127077
1127078
1127079
1127080
1127081
1127082
1127083
1127084
1127085
1127087
1127088
1127089
1127090
1127091
1127092
1127093
1127094
1127095
1127097
1127098
1127099
1127101
1127102
1127104
1127105
1127106
1127108
1127109
1127110
1127111
1127112
1127113
1127114
1127115
1127116
1127117
1127118
1127119
1127120
1127123
1127124
1127125
1127126
1127127
1127128
1127129
1127130
1127131
1127132
1127133
1127134
1127135
1127136
1127137
1127138
1127139
1127141
1127142
1127144
1127146
1127147
1127148
1127150
1127151
1127152
1127153
1127154
1127155
1127156
1127157
1127159
1127160
1127162
1127164
1127165
1127167
1127168
1127170
1127171
1127172
1127174
1127177
1127178
1127179
1127180
1127181
1127182
1127184
1127185
1127186
1127187
1127188
1127189
1127190
1127191
1127192
1127194
1127196
1127197
1127198
1127199
1127200
1127201
1127202
1127204
1127206
1127210
1127211
1127212
1127213
1127215
1127216
1127219
1127220
1127221
1127222
1127223
1127224
1127225
1127226
1127227
1127228
1127230
1127231
1127233
1127234
1127235
1127236
1127237
1127238
1127239
1127240
1127241
1127243
1127245
1127246
1127247
1127249
1127250
1127251
1127252
1127256
1127257
1127258
1127259
1127260
1127261
1127262
1127263
1127264
1127265
1127266
1127267
1127268
1127270
1127271
1127272
1127273
1127274
1127275
1127276
1127277
1127280
1127281
1127286
1127287
1127289
1127290
1127291
1127295
1127297
1127300
1127302
1127303
1127304
1127306
1127307
1127308
1127309
1127311
1127314
1127315
1127316
1127317
1127320
1127321
1127323
1127324
1127330
1127331
1127332
1127333
1127334
1127336
1127337
1127338
1127339
1127340
1127341
1127342
1127344
1127346
1127347
1127348
1127349
1127350
1127351
1127353
1127354
1127355
1127358
1127360
1127361
1127363
1127364
1127366
1127368
1127369
1127370
1127372
1127373
1127376
1127377
1127378
1127379
1127380
1127381
1127384
1127385
1127388
1127393
1127394
1127396
1127397
1127401
1127402
1127403
1127404
1127406
1127407
1127408
1127410
1127411
1127412
1127414
1127417
1127422
1127439
1127441
1127476
1127497
1127499
1127502
1127503
1127504
1127508
1127509
1127511
1127512
1127514
1127515
1127516
1127517
1127519
1127520
1127521
1127524
1127526
1127527
1127528
1127529
1127531
1127536
1127537
1127541
1127542
1127544
1127546
1127551
1127552
1127553
1127554
1127558
1127561
1127562
1127564
1127566
1127568
1127569
1127570
1127574
1127578
1127580
1127582
1127588
1127591
1127592
1127593
1127597
1127598
1127602
1127603
1127604
1127610
1132002
1132006
1132010
1136003
1136004
1136005
1136006
1136008
1136009
1136010
1136011
1136012
1136013
1136015
1136016
1136017
1136020
1136023
1136024
1136025
1136026
1136027
1136028
1136031
1136032
1136033
1136036
1136037
1136038
1136043
1136044
1136045
1136050
1136051
1136052
1136056
1136057
1136058
1136059
1136060
1136063
1136064
1136066
1136068
1136069
1136070
1136071
1136072
1136074
1136076
1136077
1136078
1136081
1136084
1136086
1136089
1136090
1136091
1136092
1136095
1136098
1136099
1136100
1136104
1136105
1136106
1136107
1136109
1136110
1136111
1136112
1136114
1136115
1136116
1136117
1136118
1136119
1136120
1136122
1136124
1136125
1136126
1136127
1136129
1136131
1136132
1136134
1136135
1136136
1136137
1136138
1136139
1136145
1136147
1136148
1136149
1136150
1136153
1136154
1136155
1136156
1136157
1136158
1136160
1136162
1136166
1136170
1136171
1136172
1136174
1136176
1136178
1136179
1136180
1136181
1136182
1136183
1136186
1136187
1136189
1136190
1136191
1136192
1136197
1136201
1136202
1136203
1136204
1136205
1136206
1136208
1136209
1136210
1136211
1136212
1136213
1136214
1136218
1136220
1136221
1136223
1136224
1136225
1136227
1136229
1136230
1136231
1136232
1136235
1136237
1136238
1136240
1136241
1136245
1136247
1136249
1136250
1136251
1136252
1136255
1136257
1136258
1136261
1136262
1136263
1136264
1136265
1136266
1136269
1136271
1136273
1136274
1136275
1136277
1136278
1136279
1136281
1136282
1136290
1136291
1136293
1136294
1136295
1136296
1136300
1136301
1136302
1136306
1136307
1136308
1136310
1136313
1136314
1136317
1136321
1136327
1136328
1136329
1136330
1136331
1136332
1136334
1136336
1136337
1136338
1136340
1136343
1136347
1136349
1136350
1136351
1136352
1136354
1136355
1136356
1136358
1136362
1136364
1136366
1136369
1136370
1136371
1136374
1136376
1136377
1136378
1136379
1136380
1136383
1136384
1136385
1136386
1136388
1136389
1136390
1136394
1136399
1136400
1136405
1136406
1136407
1136411
1136412
1136414
1136415
1136418
1136419
1136421
1136422
1136424
1136425
1136429
1136430
1136431
1136432
1136433
1136435
1136439
1136441
1136442
1136445
1136449
1136450
1136451
1136453
1136454
1136458
1136461
1136462
1136463
1136466
1136467
1136468
1136469
1136470
1136471
1136475
1136481
1136482
1136484
1136485
1136486
1136487
1136488
1136489
1136492
1136494
1136496
1136497
1136501
1136503
1136505
1136506
1136507
1136509
1136511
1136512
1136520
1136523
1136526
1136531
1136534
1136536
1136540
1136544
1136545
1136548
1136551
1136560
1136561
1136564
1136565
1136567
1136569
1136570
1136571
1136572
1136573
1136577
1136578
1136579
1136583
1136584
1136585
1136589
1136590
1136591
1136592
1136593
1136594
1136595
1136596
1136597
1136602
1136603
1136604
1136608
1136609
1136610
1136613
1136614
1136615
1136616
1136617
1136619
1136620
1136625
1136626
1136627
1136628
1136637
1136638
1136640
1136641
1136643
1136644
1136645
1136647
1136648
1136649
1136657
1136660
1136661
1136662
1136663
1136665
1136667
1136668
1136673
1136674
1136675
1136676
1136677
1136680
1136681
1136684
1136685
1136686
1136688
1136689
1136692
1136693
1136695
1136696
1136697
1136699
1136700
1136701
1136703
1136704
1136705
1136706
1136707
1136708
1136713
1136714
1136715
1136716
1136718
1136720
1136724
1136727
1136728
1136729
1136731
1136736
1136737
1136741
1136742
1136743
1136744
1136745
1136746
1136747
1136748
1136750
1136751
1136752
1136753
1136757
1136758
1136759
1136764
1136765
1136766
1136767
1136768
1136769
1136771
1136772
1136778
1136781
1136782
1136783
1136784
1136786
1136787
1136788
1136791
1136792
1136794
1136797
1136798
1136801
1136803
1136805
1136807
1136808
1136809
1136812
1136814
1136815
1136816
1136817
1136818
1136820
1136821
1136832
1136840
1136842
1136843
1136845
1136847
1136849
1136850
1136853
1136854
1136857
1136859
1136860
1136863
1136864
1136866
1136867
1136868
1136871
1136875
1136877
1136880
1136882
1136883
1136884
1136886
1136889
1136894
1136897
1136898
1136976
1136978
1136979
1136982
1136983
1136985
1136986
1143001
1143004
1143005
1143006
1143007
1143008
1143009
1143016
1143019
1143023
1143024
1143025
1143027
1143028
1143030
1143031
1143033
1143037
1143038
1143039
1143040
1143041
1143042
1143044
1143047
1143050
1143051
1143052
1143053
1143054
1143055
1143056
1143057
1143058
1143059
1143060
1143061
1143062
1143065
1143068
1143075
1143078
1143083
1143092
1143093
1143095
1143096
1143097
1143100
1143101
1143107
1143113
1143117
1143118
1143119
1143127
1143133
1143140
1143143
1143144
1143145
1143147
1143148
1143149
1143150
1143157
1143164
1143168
1143172
1143177
1143184
1143186
1143190
1143198
1143206
1143211
1143212
1143213
1143214
1143217
1143219
1143220
1143221
1143235
1143237
1143242
1143251
1143252
1143254
1143256
1143270
1143274
1143277
1143284
